 202 226 233 243 243 242 237 234 236 233 233 231 233 231 227 217
 229 250 244 246 242 232 231 235 238 241 244 246 249 253 255 252
 231 163  67  61  60  55  57  52  58  63  66  70  82  98 211 253
 230 171 103  83  82  80  58  41  38  47  53  53  54  63 211 250
 232 255 255 255 253 251 196  50  38 159 206 200 194 192 238 239
 232 254 236 236 242 243 206  46  38 177 252 255 255 255 255 239
 251 240  71  66  81  84  67  36  36  65 100 117 124 152 250 238
 252 239 100  96  97  90  61  42  37  45  63  69  72  95 247 244
 254 254 253 253 253 253 104  40  38 100 216 217 209 210 255 242
 254 254 255 255 255 232  59  41  42  81 234 255 255 255 255 237
 252 254 254 255 237 113  50  83  94  52 139 247 255 255 255 242
 252 254 251 193  92  45  76 222 233  80  54 130 223 254 255 246
 253 224 126  61  49  79 209 255 255 206  76  57  73 166 246 245
 254 237 100  62 112 213 254 254 254 255 200  95  53  89 229 241
 254 254 225 203 247 254 254 254 254 254 255 233 144 186 255 237
 241 250 248 248 248 248 247 245 244 243 241 238 233 231 231 207
 201 226 233 243 243 242 238 235 237 233 233 231 235 235 231 220
 231 251 245 247 244 232 232 236 239 242 245 247 250 254 255 252
 231 159  59  54  55  53  59  65  71  75  77  79  91 106 216 254
 234 174 107  89  86  81  56  39  36  47  52  51  53  62 212 250
 232 255 255 255 251 249 192  47  40 158 207 203 199 197 239 240
 232 255 238 239 244 246 210  51  42 179 253 255 255 255 255 240
 251 241  77  75  91  91  68  37  38  65 101 121 130 156 250 238
 252 239  98  93  90  82  53  38  34  44  60  65  68  95 247 244
 255 255 253 252 251 251 103  42  40 102 218 218 210 211 255 243
 254 255 255 255 255 234  63  44  47  82 234 255 255 255 255 238
 253 255 255 255 236 111  49  82  95  55 141 247 255 255 255 242
 253 255 253 208 106  55  79 227 234  85  60 137 225 255 255 246
 255 227 129  65  55  83 211 255 255 209  83  61  81 172 246 244
 255 238 104  66 117 214 255 255 255 255 204  99  57  93 235 241
 255 255 224 201 247 255 255 255 255 255 255 234 147 188 255 237
 243 252 251 250 250 250 248 247 246 245 244 242 239 236 234 208
 185 207 209 216 218 216 210 207 209 203 202 198 204 208 206 198
 208 227 219 223 220 214 214 214 215 219 222 224 226 228 229 227
 217 138  47  45  47  43  49  54  60  60  65  72  86  99 197 232
 209 145  80  73  72  69  48  31  29  37  41  43  44  47 189 227
 209 228 227 226 223 221 168  28  24 142 187 179 173 167 213 213
 212 229 213 217 224 226 187  27  21 159 232 230 230 231 233 216
 229 213  58  68  86  84  55  18  18  50  89 109 117 136 229 214
 233 216  76  80  77  70  38  19  15  25  46  55  57  75 224 220
 243 237 228 227 227 228  86  30  28  84 197 196 186 186 230 215
 250 247 245 244 243 216  41  27  33  68 217 235 233 233 232 214
 246 249 248 245 225  99  40  72  85  41 123 230 239 237 237 223
 246 245 241 187  79  29  52 204 218  68  51 125 212 238 237 229
 245 215 113  45  32  61 191 238 236 184  55  45  67 155 230 230
 243 221  80  42  96 199 244 244 244 242 181  73  35  71 215 224
 246 243 202 177 229 245 247 248 248 246 235 210 117 160 233 217
 227 233 231 231 231 232 230 229 229 227 224 221 216 213 213 188

 217 252 253 250 239 239 238 244 242 237 242 246 245 241 237 207
 227 255 211 211 238 255 250 247 255 255 255 255 246 229 255 231
 231 253  98  63 192 255 152  95 210 255 255 254 166  89 186 231
 233 249  82  54 194 255 124  72 209 255 255 223  73  53 144 233
 231 246  70  53 200 255 117  69 217 255 247 130  57  95 233 238
 233 244  66  53 206 252 100  63 216 234 139  54  76 200 255 241
 233 241  63  47 159 177  65  45 100  81  52  80 206 255 254 243
 236 238  58  38  38  38  36  37  38  42  94 233 255 254 254 244
 234 235  52  41  50  46  36  42  40  41  83 222 255 254 254 245
 237 231  57  58 196 206  67  61 104  59  50  76 209 254 254 247
 242 232  55  80 251 243  84  90 253 232 113  45  79 213 254 248
 243 242  60  82 253 242  81  97 253 255 237  92  49 112 247 248
 243 246  61  83 255 236  66  96 253 255 255 193  61  62 203 248
 233 244  67 103 255 236  71 100 253 255 254 251 126 100 225 248
 226 250 163 171 255 254 240 239 254 254 254 254 224 237 254 250
 202 229 231 230 232 232 251 252 254 254 252 252 253 254 254 241
 220 252 254 250 240 240 238 244 243 238 242 246 244 241 237 208
 231 255 216 212 239 255 250 247 255 255 255 255 246 235 255 234
 235 254 106  62 197 255 156  95 211 255 255 255 172  93 188 236
 235 250  91  53 199 255 130  68 210 255 255 225  81  57 147 239
 231 247  79  51 203 255 121  65 218 255 247 137  61  99 234 242
 233 245  77  52 207 253 101  60 218 234 141  60  83 204 255 244
 233 242  75  47 158 179  65  44 102  82  55  85 209 255 255 245
 237 239  71  36  40  42  38  34  40  47  95 234 255 255 255 246
 235 236  65  39  47  51  37  38  42  44  82 227 255 255 255 247
 238 232  59  56 192 210  68  53 103  63  49  79 211 255 255 248
 242 232  53  81 249 246  91  82 251 234 111  55  83 214 255 250
 243 244  55  86 251 244  91  90 251 255 236 106  55 117 247 250
 243 247  54  89 255 239  75  93 252 255 255 208  65  66 201 250
 233 245  59 107 255 238  77  98 253 255 255 253 129 104 224 251
 226 251 159 174 255 255 241 239 255 255 255 255 227 238 255 252
 201 231 231 234 232 232 251 252 255 254 253 253 255 255 255 243
 198 227 232 227 213 216 214 220 215 214 223 229 230 224 217 188
 206 229 197 189 213 233 229 224 230 232 237 237 230 215 233 213
 208 228  99  47 167 231 136  75 186 233 237 238 155  71 160 213
 204 226  86  44 173 230 117  57 186 233 239 212  67  35 117 216
 198 224  72  43 179 230 109  55 196 235 230 125  45  73 210 221
 202 222  65  41 187 232  89  46 197 217 123  51  55 181 235 224
 203 219  60  37 142 159  50  25  84  68  41  68 184 242 246 227
 209 215  60  29  24  21  18  15  28  33  85 218 236 244 248 229
 207 214  54  31  28  27  18  19  30  27  72 204 238 244 248 229
 210 214  49  48 168 187  55  38  86  41  40  52 191 244 247 230
 216 214  43  69 221 226  84  70 228 216  99  29  61 199 245 232
 218 220  47  72 223 224  86  77 227 243 225  79  32  96 229 231
 216 223  45  73 226 217  68  80 227 244 245 187  45  42 177 231
 209 219  47  80 227 213  58  76 228 245 248 241 113  80 202 231
 207 227 138 145 228 229 213 216 237 247 249 245 215 221 243 233
 185 208 217 209 209 212 229 233 243 250 246 246 245 243 246 227

 207 231 231 233 238 241 243 244 245 247 248 248 248 248 250 241
 237 255 186 144 233 255 254 254 254 254 254 247 203 225 254 254
 241 229  89  53  95 200 255 254 254 254 213 112  62 100 237 254
 245 246 166  73  57  76 206 255 255 209  79  49  61 126 224 253
 246 255 254 223 130  54  80 233 222  76  45  92 193 251 254 252
 242 255 255 255 247 139  52  94  83  50 113 237 255 254 254 252
 237 255 255 255 255 234  81  42  41  59 232 255 255 255 254 254
 242 255 210 209 217 216 100  38  40 104 253 253 253 253 254 254
 244 247  95  72  69  63  45  37  42  61  90  97  96 100 239 252
 238 250 152 124 117 100  65  36  36  67  84  81  66  71 240 251
 239 255 255 255 255 252 177  38  46 206 243 242 236 236 254 232
 239 238 192 194 200 206 159  38  50 196 251 253 255 255 255 232
 250 211  63  54  53  53  47  38  41  58  80  82  83 103 171 230
 253 211  98  82  70  66  63  58  52  57  55  60  61  67 163 231
 252 255 253 249 246 244 241 238 235 231 232 242 246 244 250 229
 217 227 231 233 231 233 233 236 234 237 242 243 243 233 226 202
 208 234 236 239 242 244 245 246 247 248 250 250 250 251 252 243
 237 255 188 147 234 255 255 255 255 255 255 247 201 224 255 255
 241 235  93  57  99 204 255 255 255 255 214 117  66 104 238 255
 244 246 172  81  61  83 209 255 255 211  83  55  65 129 227 255
 246 255 255 225 137  60  85 234 227  79  55 106 208 253 255 253
 242 255 255 255 247 141  55  95  82  49 111 236 255 255 255 253
 238 255 255 255 255 234  82  47  44  63 234 255 255 255 255 254
 243 255 211 210 218 218 102  40  42 103 251 251 252 253 255 255
 244 247  95  68  65  60  44  34  38  53  82  90  93  98 239 252
 238 250 156 130 121 101  65  38  37  68  91  91  75  77 241 251
 240 255 255 255 255 253 179  42  51 210 246 244 239 238 255 232
 240 239 197 199 203 207 158  40  47 192 249 251 255 255 255 232
 250 212  62  53  51  52  47  36  39  56  81  86  89 107 174 234
 254 216 106  91  79  77  75  71  65  59  53  55  54  59 159 231
 252 255 254 250 247 245 242 239 236 232 232 244 247 245 251 231
 220 231 235 235 231 233 233 237 235 238 242 243 243 233 226 201
 188 213 213 216 221 224 227 229 229 230 232 231 231 231 233 227
 217 233 160 117 210 235 246 248 248 247 245 229 177 202 243 246
 224 215  71  35  73 181 242 244 244 244 199  96  42  80 221 243
 230 230 155  67  45  55 184 236 238 191  61  32  45 113 215 245
 229 237 238 212 125  51  68 218 204  52  29  79 187 241 245 246
 223 237 237 239 230 123  41  85  72  40  99 225 245 248 249 246
 214 232 233 233 235 217  68  33  27  41 216 243 244 245 247 250
 215 230 186 186 196 197  84  28  30  86 228 227 227 228 237 243
 220 224  75  57  55  46  25  15  19  38  70  77  80  76 216 233
 214 229 136 117 109  89  50  18  18  55  84  86  68  58 213 229
 216 233 231 230 230 232 159  21  27 187 226 224 217 213 229 212
 213 213 167 173 179 187 142  24  28 168 221 223 226 227 228 209
 227 189  47  44  43  41  37  29  31  48  69  72  73  80 145 209
 232 197  99  86  72  65  60  60  54  49  43  47  45  47 138 217
 227 229 228 226 224 222 219 215 214 214 214 220 223 219 227 208
 198 206 208 204 198 202 203 209 207 210 216 218 216 209 207 185

 241 254 254 253 252 252 254 254 252 251 232 232 230 231 229 202
 250 254 237 224 254 254 254 254 239 240 254 255 171 163 250 226
 248 225 100 126 251 254 255 253 100  71 236 255 103  67 244 233
 248 203  62  61 193 255 255 253  96  66 236 255  83  61 246 243
 248 247 112  49  92 237 255 253  97  81 242 253  82  60 242 243
 248 254 213  79  45 113 232 253  90  84 243 251  80  55 232 242
 247 254 254 209  76  50  59 104  61  67 206 196  58  57 231 237
 245 254 254 255 222  83  41  40  42  36  46  50  41  52 235 234
 244 254 254 255 233  94  42  38  37  36  38  38  38  58 238 236
 243 254 255 206  80  52  81 100  45  65 177 159  47  63 241 233
 241 255 200  76  54 139 234 216  63 100 252 206  53  66 244 233
 238 233  95  57 130 247 255 217  69 117 255 200  53  70 246 231
 233 144  53  73 223 255 255 209  72 124 255 194  54  82 249 233
 231 186  89 166 254 255 255 210  95 152 255 192  63  98 253 231
 231 255 229 246 255 255 255 255 247 250 255 238 211 211 255 227
 207 237 241 245 246 242 237 242 244 238 239 239 250 253 252 217
 243 255 255 255 253 253 254 255 252 251 232 232 234 231 231 201
 252 255 238 227 255 255 255 255 239 241 255 255 174 159 251 226
 251 224 104 129 253 255 255 253  98  77 238 255 107  59 245 233
 250 201  66  65 208 255 255 252  93  75 239 255  89  54 247 243
 250 247 117  55 106 236 255 251  90  91 244 251  86  55 244 243
 250 255 214  83  55 111 234 251  82  91 246 249  81  53 232 242
 248 255 255 211  79  49  63 103  53  68 210 192  56  59 232 238
 247 255 255 255 227  82  44  42  38  37  51  47  39  65 236 235
 246 255 255 255 234  95  47  40  34  38  42  40  36  71 239 237
 245 255 255 209  85  55  82 102  44  65 179 158  47  75 242 233
 244 255 204  83  60 141 234 218  60 101 253 207  52  77 245 233
 242 234  99  61 137 247 255 218  65 121 255 203  51  79 247 231
 239 147  57  81 225 255 255 210  68 130 255 199  53  91 250 235
 236 188  93 172 255 255 255 211  95 156 255 197  62 106 254 235
 234 255 235 246 255 255 255 255 247 250 255 239 212 216 255 231
 208 237 241 244 246 242 238 243 244 238 240 240 250 254 252 220
 227 246 243 245 246 246 250 243 233 229 212 209 209 217 208 185
 233 243 221 215 245 249 247 237 216 213 229 228 145 138 227 207
 231 202  80 113 241 248 245 228  76  58 213 227  80  47 219 209
 231 177  42  45 187 245 244 227  80  68 217 226  73  45 223 216
 231 229  96  32  79 225 243 227  77  86 224 223  72  47 220 218
 232 245 199  61  29  99 216 228  70  84 226 221  69  43 214 216
 230 247 244 191  52  40  41  86  38  55 187 168  48  49 214 210
 229 248 244 238 204  72  27  30  19  18  27  28  31  54 214 207
 229 248 244 236 218  85  33  28  15  18  21  24  29  60 215 209
 227 246 242 184  68  41  68  84  25  50 159 142  37  60 219 203
 224 235 181  55  51 123 217 197  46  89 232 187  41  65 222 202
 221 210  73  45 125 230 235 196  55 109 230 179  43  72 224 198
 216 117  35  67 212 239 233 186  57 117 230 173  44  86 226 204
 213 160  71 155 238 237 233 186  75 136 231 167  47  99 228 208
 213 233 215 230 237 237 232 230 224 229 233 213 189 197 229 206
 188 217 224 230 229 223 214 215 220 214 216 213 227 232 227 198

