 254 254 254 254 254 254 254 254 254 254 254 254 254 254 254 254
 254 254 254 254 254 254 254 254 254 254 249 254 254 254 254 254
 254 254 254 254 254 254 254 254 237 161  96 253 254 254 254 254
 254 254 254 254 254 249 177  97  79 135 228 254 254 254 254 254
 254 254 254 254 252  93 152 227 209 166 254 254 254 254 254 254
 254 254 254 254 245 140  97 158 169 175 254 254 254 254 254 253
 254 254 254 254 254 254 238 192 127 106 185 253 254 254 254 253
 254 254 254 254 254 254 254 254 255 243 190 249 254 254 254 254
 254 254 254 254 254 224 200 240 143 135 207 254 254 254 254 254
 254 254 254 254 254 110 203 230 110 189 100 254 254 254 254 254
 254 254 254 254 233 123 254 243 152 255 129 238 254 254 254 254
 254 254 254 254 229 132 255 255 254 255 131 231 254 254 254 254
 254 254 254 254 253 113 210 255 254 191 108 253 254 254 254 254
 254 254 254 254 254 243 139 106 108 130 233 254 254 254 254 254
 255 254 254 254 254 255 255 254 255 255 254 254 254 254 254 254
 247 250 253 254 254 255 255 255 255 255 254 254 254 254 254 254
 254 254 254 254 254 254 254 254 254 254 254 254 254 254 254 254
 254 254 254 254 254 254 254 254 254 254 248 254 254 254 254 254
 254 254 254 254 254 254 254 253 234 151  92 253 254 254 254 253
 254 254 254 254 254 246 173  89  64 114 227 254 254 254 254 254
 254 254 254 254 253  76 146 224 203 149 254 254 254 254 254 254
 254 254 254 254 246 130  93 150 158 163 253 254 254 254 254 254
 254 254 254 254 254 253 239 187 118  93 176 253 254 254 254 254
 254 254 254 254 254 254 255 255 255 241 188 249 254 254 254 254
 254 254 254 254 254 219 201 238 134 128 203 254 254 254 254 254
 255 254 254 254 254  97 203 227  99 186  90 254 254 254 254 254
 255 255 254 254 232 114 255 241 138 255 114 235 254 254 254 254
 255 255 255 254 226 125 255 255 254 255 118 228 254 254 254 254
 255 255 255 255 253 107 208 254 254 190 104 252 254 254 254 254
 255 255 255 255 255 243 136  80  83 129 233 255 254 254 254 254
 255 255 255 255 255 255 255 254 254 255 255 255 255 254 254 254
 247 249 253 255 255 255 255 255 255 255 255 255 255 255 254 254
 243 253 253 253 254 254 253 251 248 246 248 248 252 253 253 249
 239 254 254 254 254 254 254 253 253 252 244 249 254 254 254 247
 242 254 254 254 254 254 253 253 235 145 101 252 254 254 254 247
 245 254 254 254 253 246 168  73  75 106 227 253 254 254 254 249
 244 254 254 254 251 101 132 198 190 137 249 254 254 254 254 249
 240 253 254 254 244 135  81 132 159 140 250 253 254 254 254 250
 240 253 254 254 254 253 228 179 114  70 175 250 254 254 254 251
 243 254 253 254 254 250 240 242 242 213 151 240 254 254 254 248
 240 253 253 254 252 216 184 226 120 110 175 247 254 254 254 245
 238 252 253 253 245  93 181 215  83 163  80 237 254 253 254 245
 235 251 251 252 221 106 236 228 120 237 112 206 253 253 254 244
 238 250 251 251 216 107 241 241 239 238 113 207 253 254 254 243
 236 249 250 250 246  92 190 235 237 179  79 237 252 254 253 244
 233 247 248 248 248 230 111  57  64 113 216 246 250 253 253 244
 230 244 248 248 245 239 232 231 233 238 242 249 249 252 252 244
 221 233 241 247 245 238 234 236 237 239 245 247 246 248 248 244

 254 254 254 254 254 253 253 254 254 254 254 254 254 254 254 254
 254 254 254 254 254 254 254 254 254 254 254 254 254 254 254 254
 254 254 254 254 254 254 254 254 254 254 254 254 254 254 254 254
 254 254 254 254 254 254 254 254 254 254 254 254 254 254 254 254
 254 254 253 254 254 254 253 249 254 254 238 231 253 254 254 254
 254 249  96 228 254 254 185 190 207 100 129 131 108 233 254 254
 254 254 161 135 166 175 106 243 135 189 255 255 191 130 255 255
 254 254 237  79 209 169 127 255 143 110 152 254 254 108 255 255
 254 254 254  97 227 158 192 254 240 230 243 255 255 106 254 255
 254 254 254 177 152  97 238 254 200 203 254 255 210 139 255 255
 254 254 254 249  93 140 254 254 224 110 123 132 113 243 255 255
 254 254 254 254 252 245 254 254 254 254 233 229 253 254 254 254
 254 254 254 254 254 254 254 254 254 254 254 254 254 254 254 254
 254 254 254 254 254 254 254 254 254 254 254 254 254 254 254 253
 254 254 254 254 254 254 254 254 254 254 254 254 254 254 254 250
 254 254 254 254 254 254 254 254 254 254 254 254 254 254 255 247
 254 254 253 254 254 254 254 254 254 254 254 254 254 254 254 254
 254 254 254 254 254 254 254 254 254 254 254 254 254 254 254 254
 254 254 254 254 254 254 254 254 254 254 254 254 254 254 254 255
 254 254 254 254 254 254 254 254 254 254 254 254 254 254 255 255
 254 254 253 254 254 254 253 249 254 254 235 228 252 255 255 255
 254 248  92 227 254 253 176 188 203  90 114 118 104 233 255 255
 254 254 151 114 149 163  93 241 128 186 255 255 190 129 255 255
 254 254 234  64 203 158 118 255 134  99 138 254 254  83 254 255
 254 254 253  89 224 150 187 255 238 227 241 255 254  80 254 255
 254 254 254 173 146  93 239 255 201 203 255 255 208 136 255 255
 254 254 254 246  76 130 253 254 219  97 114 125 107 243 255 255
 254 254 254 254 253 246 254 254 254 254 232 226 253 255 255 255
 254 254 254 254 254 254 254 254 254 254 254 254 255 255 255 255
 254 254 254 254 254 254 254 254 254 254 254 255 255 255 255 253
 254 254 254 254 254 254 254 254 254 254 255 255 255 255 255 249
 254 254 254 254 254 254 254 254 254 255 255 255 255 255 255 247
 249 247 247 249 249 250 251 248 245 245 244 243 244 244 244 244
 253 254 254 254 254 254 254 254 254 254 254 254 253 253 252 248
 253 254 254 254 254 254 254 254 254 253 253 254 254 253 252 248
 252 254 254 254 254 254 254 254 254 254 253 253 252 250 249 246
 248 249 252 253 254 253 250 240 247 237 206 207 237 246 249 247
 248 244 101 227 249 250 175 151 175  80 112 113  79 216 242 245
 246 252 145 106 137 140  70 213 110 163 237 238 179 113 238 239
 248 253 235  75 190 159 114 242 120  83 120 239 237  64 233 237
 251 253 253  73 198 132 179 242 226 215 228 241 235  57 231 236
 253 254 253 168 132  81 228 240 184 181 236 241 190 111 232 234
 254 254 254 246 101 135 253 250 216  93 106 107  92 230 239 238
 254 254 254 253 251 244 254 254 252 245 221 216 246 248 245 245
 253 254 254 254 254 254 254 254 254 253 252 251 250 248 248 247
 253 254 254 254 254 254 254 253 253 253 251 251 250 248 248 241
 253 254 254 254 254 253 253 254 253 252 251 250 249 247 244 233
 243 239 242 245 244 240 240 243 240 238 235 238 236 233 230 221

 254 254 254 254 254 254 255 255 255 255 255 254 254 253 250 247
 254 254 254 254 254 254 255 255 254 255 255 254 254 254 254 255
 254 254 254 254 254 233 130 108 106 139 243 254 254 254 254 254
 254 254 254 254 253 108 191 254 255 210 113 253 254 254 254 254
 254 254 254 254 231 131 255 254 255 255 132 229 254 254 254 254
 254 254 254 254 238 129 255 152 243 254 123 233 254 254 254 254
 254 254 254 254 254 100 189 110 230 203 110 254 254 254 254 254
 254 254 254 254 254 207 135 143 240 200 224 254 254 254 254 254
 254 254 254 254 249 190 243 255 254 254 254 254 254 254 254 254
 253 254 254 254 253 185 106 127 192 238 254 254 254 254 254 254
 253 254 254 254 254 254 175 169 158  97 140 245 254 254 254 254
 254 254 254 254 254 254 166 209 227 152  93 252 254 254 254 254
 254 254 254 254 254 228 135  79  97 177 249 254 254 254 254 254
 254 254 254 254 253  96 161 237 254 254 254 254 254 254 254 254
 254 254 254 254 254 249 254 254 254 254 254 254 254 254 254 254
 254 254 254 254 254 254 254 254 254 254 254 254 254 254 254 254
 254 254 255 255 255 255 255 255 255 255 255 255 255 253 249 247
 254 254 254 255 255 255 255 254 254 255 255 255 255 255 255 255
 254 254 254 254 255 233 129  83  80 136 243 255 255 255 255 255
 254 254 254 254 252 104 190 254 254 208 107 253 255 255 255 255
 254 254 254 254 228 118 255 254 255 255 125 226 254 255 255 255
 254 254 254 254 235 114 255 138 241 255 114 232 254 254 255 255
 254 254 254 254 254  90 186  99 227 203  97 254 254 254 254 255
 254 254 254 254 254 203 128 134 238 201 219 254 254 254 254 254
 254 254 254 254 249 188 241 255 255 255 254 254 254 254 254 254
 254 254 254 254 253 176  93 118 187 239 253 254 254 254 254 254
 254 254 254 254 254 253 163 158 150  93 130 246 254 254 254 254
 254 254 254 254 254 254 149 203 224 146  76 253 254 254 254 254
 254 254 254 254 254 227 114  64  89 173 246 254 254 254 254 254
 253 254 254 254 253  92 151 234 253 254 254 254 254 254 254 254
 254 254 254 254 254 248 254 254 254 254 254 254 254 254 254 254
 254 254 254 254 254 254 254 254 254 254 254 254 254 254 254 254
 244 248 248 246 247 245 239 237 236 234 238 245 247 241 233 221
 244 252 252 249 249 242 238 233 231 232 239 245 248 248 244 230
 244 253 253 250 246 216 113  64  57 111 230 248 248 248 247 233
 244 253 254 252 237  79 179 237 235 190  92 246 250 250 249 236
 243 254 254 253 207 113 238 239 241 241 107 216 251 251 250 238
 244 254 253 253 206 112 237 120 228 236 106 221 252 251 251 235
 245 254 253 254 237  80 163  83 215 181  93 245 253 253 252 238
 245 254 254 254 247 175 110 120 226 184 216 252 254 253 253 240
 248 254 254 254 240 151 213 242 242 240 250 254 254 253 254 243
 251 254 254 254 250 175  70 114 179 228 253 254 254 254 253 240
 250 254 254 254 253 250 140 159 132  81 135 244 254 254 253 240
 249 254 254 254 254 249 137 190 198 132 101 251 254 254 254 244
 249 254 254 254 253 227 106  75  73 168 246 253 254 254 254 245
 247 254 254 254 252 101 145 235 253 253 254 254 254 254 254 242
 247 254 254 254 249 244 252 253 253 254 254 254 254 254 254 239
 249 253 253 252 248 248 246 248 251 253 254 254 253 253 253 243

 247 255 254 254 254 254 254 254 254 254 254 254 254 254 254 254
 250 254 254 254 254 254 254 254 254 254 254 254 254 254 254 254
 253 254 254 254 254 254 254 254 254 254 254 254 254 254 254 254
 254 254 254 254 254 254 254 254 254 254 254 254 254 254 254 254
 254 254 254 253 229 233 254 254 254 254 245 252 254 254 254 254
 255 255 243 113 132 123 110 224 254 254 140  93 249 254 254 254
 255 255 139 210 255 254 203 200 254 238  97 152 177 254 254 254
 255 254 106 255 255 243 230 240 254 192 158 227  97 254 254 254
 255 255 108 254 254 152 110 143 255 127 169 209  79 237 254 254
 255 255 130 191 255 255 189 135 243 106 175 166 135 161 254 254
 254 254 233 108 131 129 100 207 190 185 254 254 228  96 249 254
 254 254 254 253 231 238 254 254 249 253 254 254 254 253 254 254
 254 254 254 254 254 254 254 254 254 254 254 254 254 254 254 254
 254 254 254 254 254 254 254 254 254 254 254 254 254 254 254 254
 254 254 254 254 254 254 254 254 254 254 254 254 254 254 254 254
 254 254 254 254 254 254 254 254 254 253 253 254 254 254 254 254
 247 255 255 255 255 255 255 254 254 254 254 254 254 254 254 254
 249 255 255 255 255 255 254 254 254 254 254 254 254 254 254 254
 253 255 255 255 255 254 254 254 254 254 254 254 254 254 254 254
 255 255 255 255 254 254 254 254 254 254 254 254 254 254 254 254
 255 255 255 253 226 232 254 254 254 254 246 253 254 254 254 254
 255 255 243 107 125 114  97 219 254 253 130  76 246 254 254 254
 255 255 136 208 255 255 203 201 255 239  93 146 173 254 254 254
 255 254  80 254 255 241 227 238 255 187 150 224  89 253 254 254
 255 254  83 254 254 138  99 134 255 118 158 203  64 234 254 254
 255 255 129 190 255 255 186 128 241  93 163 149 114 151 254 254
 255 255 233 104 118 114  90 203 188 176 253 254 227  92 248 254
 255 255 255 252 228 235 254 254 249 253 254 254 254 253 254 254
 255 255 254 254 254 254 254 254 254 254 254 254 254 254 254 254
 255 254 254 254 254 254 254 254 254 254 254 254 254 254 254 254
 254 254 254 254 254 254 254 254 254 254 254 254 254 254 254 254
 254 254 254 254 254 254 254 254 254 254 254 254 254 253 254 254
 221 230 233 236 238 235 238 240 243 240 240 244 245 242 239 243
 233 244 247 249 250 251 252 253 254 253 253 254 254 254 254 253
 241 248 248 250 251 251 253 253 253 254 254 254 254 254 254 253
 247 248 248 250 251 252 253 254 254 254 254 254 254 254 254 253
 245 245 248 246 216 221 245 252 254 254 244 251 253 254 254 254
 238 239 230  92 107 106  93 216 250 253 135 101 246 254 254 254
 234 232 111 190 241 236 181 184 240 228  81 132 168 253 254 253
 236 231  57 235 241 228 215 226 242 179 132 198  73 253 253 251
 237 233  64 237 239 120  83 120 242 114 159 190  75 235 253 248
 239 238 113 179 238 237 163 110 213  70 140 137 106 145 252 246
 245 242 216  79 113 112  80 175 151 175 250 249 227 101 244 248
 247 249 246 237 207 206 237 247 240 250 253 254 253 252 249 248
 246 249 250 252 253 253 254 254 254 254 254 254 254 254 254 252
 248 252 253 254 254 253 253 254 254 254 254 254 254 254 254 253
 248 252 253 253 254 254 254 254 254 254 254 254 254 254 254 253
 244 244 244 244 243 244 245 245 248 251 250 249 249 247 247 249

