 254 254 254 254 254 254 254 254 254 254 254 254 254 254 254 254
 254 254 254 254 254 254 254 254 254 254 254 254 254 254 254 254
 254 254 254 254 254 254 254 254 254 254 254 254 254 254 254 254
 254 254 254 254 254 248 236 247 246 159 242 254 254 254 254 254
 254 254 254 254 253 122  99 129 143 132 143 253 254 254 254 254
 254 254 254 254 254 252 184 197 254 184 254 254 254 254 254 254
 254 254 254 254 254 254 254 224 136 149 254 254 254 254 254 254
 254 254 254 254 254 254 254 254 252 244 254 254 254 254 254 254
 254 254 254 254 253 166 161 139 129 152 185 253 254 254 254 254
 254 254 254 254 253 242 248 170 195 230 247 254 254 254 254 254
 254 254 254 254 254 254 254 201 239 254 254 254 254 254 254 254
 254 254 254 254 254 253 253 181 220 253 254 254 254 254 254 254
 254 254 254 254 252 136 167 124  87 104 155 253 254 254 254 254
 254 254 254 254 254 253 254 254 252 252 253 254 254 254 254 254
 254 254 254 254 254 254 254 254 254 254 254 254 254 254 254 254
 254 254 254 254 254 254 254 254 254 254 254 254 254 254 254 254
 254 254 254 254 254 254 254 254 254 254 254 254 254 254 254 254
 254 254 254 254 254 254 254 254 254 254 254 254 254 254 254 254
 254 254 254 254 254 254 254 254 254 254 254 254 254 254 254 254
 254 254 254 254 254 246 236 245 241 149 238 254 254 254 254 254
 254 254 254 254 253 114  80 112 128  94 143 253 254 254 254 254
 254 254 254 254 254 252 183 191 252 175 254 254 254 254 254 254
 254 254 254 254 254 254 254 224 131 146 254 254 254 254 254 254
 254 254 254 254 254 254 254 254 251 243 254 254 254 254 254 254
 254 254 254 254 253 158 152 131 121 133 179 253 254 254 254 254
 254 254 254 254 253 240 247 164 192 230 247 254 254 254 254 254
 254 254 254 254 254 254 254 190 238 254 254 254 254 254 254 254
 254 254 254 254 254 253 253 170 218 253 253 254 254 254 254 254
 254 254 254 254 252 130 152 104  84 100 145 253 254 254 254 254
 254 254 254 254 254 253 253 254 252 252 253 254 254 254 254 254
 254 254 254 254 254 254 254 254 254 254 254 254 254 254 254 254
 254 254 254 254 254 254 254 254 254 254 254 254 254 254 254 254
 254 254 254 254 254 254 254 254 254 254 254 254 254 254 254 254
 254 254 254 254 254 254 254 254 254 254 254 254 254 254 254 254
 254 254 254 254 254 254 254 254 254 254 254 254 254 254 254 254
 254 254 254 254 254 252 236 248 242 152 239 254 254 254 254 254
 254 254 254 254 253 139  84 130 132 104 143 253 254 254 254 254
 254 254 254 254 254 252 183 195 253 182 254 254 254 254 254 254
 254 254 254 254 254 254 254 224 136 152 254 254 254 254 254 254
 254 254 254 254 254 254 254 254 253 245 254 254 254 254 254 254
 254 254 254 254 253 179 177 152 124 136 180 253 254 254 254 254
 254 254 254 254 253 245 250 173 196 230 247 254 254 254 254 254
 254 254 254 254 254 254 254 202 240 254 254 254 254 254 254 254
 254 254 254 254 254 253 253 183 223 253 254 254 254 254 254 254
 254 254 254 254 252 131 155 114  92 112 174 253 254 254 254 254
 254 254 254 254 254 253 253 254 252 252 253 254 254 254 254 254
 254 254 254 254 254 254 254 254 254 254 254 254 254 254 254 254
 253 254 254 254 254 254 254 254 254 254 254 254 254 254 254 253

 254 254 254 254 254 254 254 254 254 254 254 254 254 254 254 254
 254 254 254 254 254 254 254 254 254 254 254 254 254 254 254 254
 254 254 254 254 254 254 254 254 254 254 254 254 254 254 254 254
 254 254 254 254 254 254 254 254 254 254 254 254 254 254 254 254
 254 254 254 254 253 254 254 254 253 254 254 254 253 254 254 254
 254 254 254 242 143 254 254 254 185 247 254 254 155 253 254 254
 254 254 254 159 132 184 149 244 152 230 254 253 104 252 254 254
 254 254 254 246 143 254 136 252 129 195 239 220  87 252 254 254
 254 254 254 247 129 197 224 254 139 170 201 181 124 254 254 254
 254 254 254 236  99 184 254 254 161 248 254 253 167 254 254 254
 254 254 254 248 122 252 254 254 166 242 254 253 136 253 254 254
 254 254 254 254 253 254 254 254 253 253 254 254 252 254 254 254
 254 254 254 254 254 254 254 254 254 254 254 254 254 254 254 254
 254 254 254 254 254 254 254 254 254 254 254 254 254 254 254 254
 254 254 254 254 254 254 254 254 254 254 254 254 254 254 254 254
 254 254 254 254 254 254 254 254 254 254 254 254 254 254 254 254
 254 254 254 254 254 254 254 254 254 254 254 254 254 254 254 254
 254 254 254 254 254 254 254 254 254 254 254 254 254 254 254 254
 254 254 254 254 254 254 254 254 254 254 254 254 254 254 254 254
 254 254 254 254 254 254 254 254 254 254 254 254 254 254 254 254
 254 254 254 254 253 254 254 254 253 254 254 254 253 254 254 254
 254 254 254 238 143 254 254 254 179 247 254 253 145 253 254 254
 254 254 254 149  94 175 146 243 133 230 254 253 100 252 254 254
 254 254 254 241 128 252 131 251 121 192 238 218  84 252 254 254
 254 254 254 245 112 191 224 254 131 164 190 170 104 254 254 254
 254 254 254 236  80 183 254 254 152 247 254 253 152 253 254 254
 254 254 254 246 114 252 254 254 158 240 254 253 130 253 254 254
 254 254 254 254 253 254 254 254 253 253 254 254 252 254 254 254
 254 254 254 254 254 254 254 254 254 254 254 254 254 254 254 254
 254 254 254 254 254 254 254 254 254 254 254 254 254 254 254 254
 254 254 254 254 254 254 254 254 254 254 254 254 254 254 254 254
 254 254 254 254 254 254 254 254 254 254 254 254 254 254 254 254
 254 254 254 254 254 254 254 254 254 254 254 254 254 254 254 253
 254 254 254 254 254 254 254 254 254 254 254 254 254 254 254 254
 254 254 254 254 254 254 254 254 254 254 254 254 254 254 254 254
 254 254 254 254 254 254 254 254 254 254 254 254 254 254 254 254
 254 254 254 254 253 254 254 254 253 254 254 254 253 254 254 254
 254 254 254 239 143 254 254 254 180 247 254 254 174 253 254 254
 254 254 254 152 104 182 152 245 136 230 254 253 112 252 254 254
 254 254 254 242 132 253 136 253 124 196 240 223  92 252 254 254
 254 254 254 248 130 195 224 254 152 173 202 183 114 254 254 254
 254 254 254 236  84 183 254 254 177 250 254 253 155 253 254 254
 254 254 254 252 139 252 254 254 179 245 254 253 131 253 254 254
 254 254 254 254 253 254 254 254 253 253 254 254 252 254 254 254
 254 254 254 254 254 254 254 254 254 254 254 254 254 254 254 254
 254 254 254 254 254 254 254 254 254 254 254 254 254 254 254 254
 254 254 254 254 254 254 254 254 254 254 254 254 254 254 254 254
 254 254 254 254 254 254 254 254 254 254 254 254 254 254 254 253

 254 254 254 254 254 254 254 254 254 254 254 254 254 254 254 254
 254 254 254 254 254 254 254 254 254 254 254 254 254 254 254 254
 254 254 254 254 254 253 252 252 254 254 253 254 254 254 254 254
 254 254 254 254 253 155 104  87 124 167 136 252 254 254 254 254
 254 254 254 254 254 254 253 220 181 253 253 254 254 254 254 254
 254 254 254 254 254 254 254 239 201 254 254 254 254 254 254 254
 254 254 254 254 254 247 230 195 170 248 242 253 254 254 254 254
 254 254 254 254 253 185 152 129 139 161 166 253 254 254 254 254
 254 254 254 254 254 254 244 252 254 254 254 254 254 254 254 254
 254 254 254 254 254 254 149 136 224 254 254 254 254 254 254 254
 254 254 254 254 254 254 184 254 197 184 252 254 254 254 254 254
 254 254 254 254 253 143 132 143 129  99 122 253 254 254 254 254
 254 254 254 254 254 242 159 246 247 236 248 254 254 254 254 254
 254 254 254 254 254 254 254 254 254 254 254 254 254 254 254 254
 254 254 254 254 254 254 254 254 254 254 254 254 254 254 254 254
 254 254 254 254 254 254 254 254 254 254 254 254 254 254 254 254
 254 254 254 254 254 254 254 254 254 254 254 254 254 254 254 254
 254 254 254 254 254 254 254 254 254 254 254 254 254 254 254 254
 254 254 254 254 254 253 252 252 254 253 253 254 254 254 254 254
 254 254 254 254 253 145 100  84 104 152 130 252 254 254 254 254
 254 254 254 254 254 253 253 218 170 253 253 254 254 254 254 254
 254 254 254 254 254 254 254 238 190 254 254 254 254 254 254 254
 254 254 254 254 254 247 230 192 164 247 240 253 254 254 254 254
 254 254 254 254 253 179 133 121 131 152 158 253 254 254 254 254
 254 254 254 254 254 254 243 251 254 254 254 254 254 254 254 254
 254 254 254 254 254 254 146 131 224 254 254 254 254 254 254 254
 254 254 254 254 254 254 175 252 191 183 252 254 254 254 254 254
 254 254 254 254 253 143  94 128 112  80 114 253 254 254 254 254
 254 254 254 254 254 238 149 241 245 236 246 254 254 254 254 254
 254 254 254 254 254 254 254 254 254 254 254 254 254 254 254 254
 254 254 254 254 254 254 254 254 254 254 254 254 254 254 254 254
 254 254 254 254 254 254 254 254 254 254 254 254 254 254 254 254
 253 254 254 254 254 254 254 254 254 254 254 254 254 254 254 253
 254 254 254 254 254 254 254 254 254 254 254 254 254 254 254 254
 254 254 254 254 254 253 252 252 254 253 253 254 254 254 254 254
 254 254 254 254 253 174 112  92 114 155 131 252 254 254 254 254
 254 254 254 254 254 254 253 223 183 253 253 254 254 254 254 254
 254 254 254 254 254 254 254 240 202 254 254 254 254 254 254 254
 254 254 254 254 254 247 230 196 173 250 245 253 254 254 254 254
 254 254 254 254 253 180 136 124 152 177 179 253 254 254 254 254
 254 254 254 254 254 254 245 253 254 254 254 254 254 254 254 254
 254 254 254 254 254 254 152 136 224 254 254 254 254 254 254 254
 254 254 254 254 254 254 182 253 195 183 252 254 254 254 254 254
 254 254 254 254 253 143 104 132 130  84 139 253 254 254 254 254
 254 254 254 254 254 239 152 242 248 236 252 254 254 254 254 254
 254 254 254 254 254 254 254 254 254 254 254 254 254 254 254 254
 254 254 254 254 254 254 254 254 254 254 254 254 254 254 254 254
 254 254 254 254 254 254 254 254 254 254 254 254 254 254 254 254

 254 254 254 254 254 254 254 254 254 254 254 254 254 254 254 254
 254 254 254 254 254 254 254 254 254 254 254 254 254 254 254 254
 254 254 254 254 254 254 254 254 254 254 254 254 254 254 254 254
 254 254 254 254 254 254 254 254 254 254 254 254 254 254 254 254
 254 254 254 252 254 254 253 253 254 254 254 253 254 254 254 254
 254 254 253 136 253 254 242 166 254 254 252 122 248 254 254 254
 254 254 254 167 253 254 248 161 254 254 184  99 236 254 254 254
 254 254 254 124 181 201 170 139 254 224 197 129 247 254 254 254
 254 254 252  87 220 239 195 129 252 136 254 143 246 254 254 254
 254 254 252 104 253 254 230 152 244 149 184 132 159 254 254 254
 254 254 253 155 254 254 247 185 254 254 254 143 242 254 254 254
 254 254 254 253 254 254 254 253 254 254 254 253 254 254 254 254
 254 254 254 254 254 254 254 254 254 254 254 254 254 254 254 254
 254 254 254 254 254 254 254 254 254 254 254 254 254 254 254 254
 254 254 254 254 254 254 254 254 254 254 254 254 254 254 254 254
 254 254 254 254 254 254 254 254 254 254 254 254 254 254 254 254
 254 254 254 254 254 254 254 254 254 254 254 254 254 254 254 254
 254 254 254 254 254 254 254 254 254 254 254 254 254 254 254 254
 254 254 254 254 254 254 254 254 254 254 254 254 254 254 254 254
 254 254 254 254 254 254 254 254 254 254 254 254 254 254 254 254
 254 254 254 252 254 254 253 253 254 254 254 253 254 254 254 254
 254 254 253 130 253 254 240 158 254 254 252 114 246 254 254 254
 254 254 253 152 253 254 247 152 254 254 183  80 236 254 254 254
 254 254 254 104 170 190 164 131 254 224 191 112 245 254 254 254
 254 254 252  84 218 238 192 121 251 131 252 128 241 254 254 254
 254 254 252 100 253 254 230 133 243 146 175  94 149 254 254 254
 254 254 253 145 253 254 247 179 254 254 254 143 238 254 254 254
 254 254 254 253 254 254 254 253 254 254 254 253 254 254 254 254
 254 254 254 254 254 254 254 254 254 254 254 254 254 254 254 254
 254 254 254 254 254 254 254 254 254 254 254 254 254 254 254 254
 254 254 254 254 254 254 254 254 254 254 254 254 254 254 254 254
 254 254 254 254 254 254 254 254 254 254 254 254 254 254 254 254
 253 254 254 254 254 254 254 254 254 254 254 254 254 254 254 254
 254 254 254 254 254 254 254 254 254 254 254 254 254 254 254 254
 254 254 254 254 254 254 254 254 254 254 254 254 254 254 254 254
 254 254 254 254 254 254 254 254 254 254 254 254 254 254 254 254
 254 254 254 252 254 254 253 253 254 254 254 253 254 254 254 254
 254 254 253 131 253 254 245 179 254 254 252 139 252 254 254 254
 254 254 253 155 253 254 250 177 254 254 183  84 236 254 254 254
 254 254 254 114 183 202 173 152 254 224 195 130 248 254 254 254
 254 254 252  92 223 240 196 124 253 136 253 132 242 254 254 254
 254 254 252 112 253 254 230 136 245 152 182 104 152 254 254 254
 254 254 253 174 254 254 247 180 254 254 254 143 239 254 254 254
 254 254 254 253 254 254 254 253 254 254 254 253 254 254 254 254
 254 254 254 254 254 254 254 254 254 254 254 254 254 254 254 254
 254 254 254 254 254 254 254 254 254 254 254 254 254 254 254 254
 254 254 254 254 254 254 254 254 254 254 254 254 254 254 254 254
 253 254 254 254 254 254 254 254 254 254 254 254 254 254 254 254

