 254 254 254 254 254 254 254 254 254 254 254 254 254 254 254 254
 254 254 254 254 254 254 254 254 254 254 254 254 254 254 254 254
 254 254 254 254 254 254 254 254 254 254 254 254 254 254 254 254
 254 254 254 254 254 254 254 254 254 254 254 254 254 254 254 254
 254 254 254 252 254 254 254 247 254 254 253 253 254 254 254 254
 254 254 254 115 247 254 252 107 254 224 171 158 222 254 254 254
 254 254 254  92 243 254 252  89 254 121 249 234 228 254 254 254
 254 254 254 105 158 178 159 119 255  93 147 137 238 254 254 254
 254 254 254 109 206 231 216 101 255  94 240 221 130 254 254 254
 254 254 254 108 229 254 250  99 254 148 238 229 121 254 254 254
 254 254 254 133 232 254 252 127 254 220 164 160 220 254 254 254
 254 254 254 249 253 254 254 253 254 254 253 253 254 254 254 254
 254 254 254 254 254 254 254 254 254 254 254 254 254 254 254 254
 254 254 254 254 254 254 254 254 254 254 254 254 254 254 254 254
 254 254 254 254 254 254 254 254 254 254 254 254 254 254 254 254
 254 254 254 254 254 254 254 254 254 254 254 254 254 254 254 254
 254 254 254 254 254 254 254 254 254 254 254 254 254 254 254 254
 254 254 254 254 254 254 254 254 254 254 254 254 254 254 254 254
 254 254 254 254 254 254 254 254 254 254 254 254 254 254 254 254
 254 254 254 254 254 254 254 254 254 254 254 254 254 254 254 254
 254 254 254 252 254 254 254 247 254 254 253 253 254 254 254 254
 254 254 254 109 246 254 252  98 254 224 166 153 220 254 254 254
 254 254 254  88 242 254 252  84 253 117 248 234 228 254 254 254
 254 254 254  95 149 169 147 103 251  79 134 128 236 254 254 254
 254 254 254  91 193 225 210  91 252  78 236 220 130 254 254 254
 254 254 254 102 226 254 250  90 253 139 237 228 121 254 254 254
 254 254 254 129 230 254 252 117 254 219 162 157 220 254 254 254
 254 254 254 249 253 254 254 253 254 254 253 253 254 254 254 254
 254 254 254 254 254 254 254 254 254 254 254 254 254 254 254 254
 254 254 254 254 254 254 254 254 254 254 254 254 254 254 254 254
 254 254 254 254 254 254 254 254 254 254 254 254 254 254 254 254
 254 254 254 254 254 254 254 254 254 254 254 254 254 254 254 254
 253 254 254 254 254 254 254 253 252 251 249 249 250 252 253 253
 253 254 254 254 254 254 254 254 254 254 254 254 254 254 254 253
 253 254 254 254 254 254 254 254 254 254 254 254 254 254 254 254
 253 254 254 254 254 254 254 254 254 254 254 254 254 254 254 254
 253 254 254 252 254 254 254 247 254 254 253 253 254 254 254 253
 253 254 254 128 249 254 252 121 254 223 166 153 221 254 254 254
 253 254 254  97 244 254 253  99 253 122 248 234 228 254 254 254
 254 254 253  94 145 170 156 127 254  94 141 130 236 254 254 254
 254 254 254  94 195 225 212  99 253  93 238 219 129 254 254 254
 254 254 254 103 227 254 250  90 252 139 237 228 121 254 254 254
 253 254 253 129 230 254 252 118 252 218 160 156 219 254 254 254
 253 254 254 249 253 254 254 253 254 254 253 253 254 254 254 254
 254 254 254 254 254 254 254 254 254 254 254 254 254 254 254 254
 254 254 254 254 254 254 254 254 254 254 254 254 254 254 254 253
 254 254 254 254 254 254 254 254 254 254 254 254 254 254 254 254
 253 254 254 254 254 254 254 254 254 254 254 254 254 254 254 253

 254 254 254 254 254 254 254 254 254 254 254 254 254 254 254 254
 254 254 254 254 254 254 254 254 254 254 254 254 254 254 254 254
 254 254 254 254 254 254 254 254 254 254 254 254 254 254 254 254
 254 254 254 254 254 222 228 238 130 121 220 254 254 254 254 254
 254 254 254 254 253 158 234 137 221 229 160 253 254 254 254 254
 254 254 254 254 253 171 249 147 240 238 164 253 254 254 254 254
 254 254 254 254 254 224 121  93  94 148 220 254 254 254 254 254
 254 254 254 254 254 254 254 255 255 254 254 254 254 254 254 254
 254 254 254 254 247 107  89 119 101  99 127 253 254 254 254 254
 254 254 254 254 254 252 252 159 216 250 252 254 254 254 254 254
 254 254 254 254 254 254 254 178 231 254 254 254 254 254 254 254
 254 254 254 254 254 247 243 158 206 229 232 253 254 254 254 254
 254 254 254 254 252 115  92 105 109 108 133 249 254 254 254 254
 254 254 254 254 254 254 254 254 254 254 254 254 254 254 254 254
 254 254 254 254 254 254 254 254 254 254 254 254 254 254 254 254
 254 254 254 254 254 254 254 254 254 254 254 254 254 254 254 254
 254 254 254 254 254 254 254 254 254 254 254 254 254 254 254 254
 254 254 254 254 254 254 254 254 254 254 254 254 254 254 254 254
 254 254 254 254 254 254 254 254 254 254 254 254 254 254 254 254
 254 254 254 254 254 220 228 236 130 121 220 254 254 254 254 254
 254 254 254 254 253 153 234 128 220 228 157 253 254 254 254 254
 254 254 254 254 253 166 248 134 236 237 162 253 254 254 254 254
 254 254 254 254 254 224 117  79  78 139 219 254 254 254 254 254
 254 254 254 254 254 254 253 251 252 253 254 254 254 254 254 254
 254 254 254 254 247  98  84 103  91  90 117 253 254 254 254 254
 254 254 254 254 254 252 252 147 210 250 252 254 254 254 254 254
 254 254 254 254 254 254 254 169 225 254 254 254 254 254 254 254
 254 254 254 254 254 246 242 149 193 226 230 253 254 254 254 254
 254 254 254 254 252 109  88  95  91 102 129 249 254 254 254 254
 254 254 254 254 254 254 254 254 254 254 254 254 254 254 254 254
 254 254 254 254 254 254 254 254 254 254 254 254 254 254 254 254
 254 254 254 254 254 254 254 254 254 254 254 254 254 254 254 254
 253 253 254 254 253 254 254 254 254 254 254 254 254 253 254 253
 253 254 254 254 254 254 254 254 254 254 254 254 254 254 254 254
 252 254 254 254 254 254 254 254 254 254 254 254 254 254 254 254
 250 254 254 254 254 221 228 236 129 121 219 254 254 254 254 254
 249 254 254 254 253 153 234 130 219 228 156 253 254 254 254 254
 249 254 254 254 253 166 248 141 238 237 160 253 254 254 254 254
 251 254 254 254 254 223 122  94  93 139 218 254 254 254 254 254
 252 254 254 254 254 254 253 254 253 252 252 254 254 254 254 254
 253 254 254 254 247 121  99 127  99  90 118 253 254 254 254 254
 254 254 254 254 254 252 253 156 212 250 252 254 254 254 254 254
 254 254 254 254 254 254 254 170 225 254 254 254 254 254 254 254
 254 254 254 254 254 249 244 145 195 227 230 253 254 254 254 254
 254 254 254 254 252 128  97  94  94 103 129 249 254 254 254 254
 254 254 254 254 254 254 254 253 254 254 253 254 254 254 254 254
 254 254 254 254 254 254 254 254 254 254 254 254 254 254 254 254
 253 253 253 253 253 253 253 254 254 254 253 253 254 254 254 253

 254 254 254 254 254 254 254 254 254 254 254 254 254 254 254 254
 254 254 254 254 254 254 254 254 254 254 254 254 254 254 254 254
 254 254 254 254 254 254 254 254 254 254 254 254 254 254 254 254
 254 254 254 254 254 254 254 254 254 254 254 254 254 254 254 254
 254 254 254 254 253 253 254 254 253 254 254 253 249 254 254 254
 254 254 254 220 160 164 220 254 127 252 254 232 133 254 254 254
 254 254 254 121 229 238 148 254  99 250 254 229 108 254 254 254
 254 254 254 130 221 240  94 255 101 216 231 206 109 254 254 254
 254 254 254 238 137 147  93 255 119 159 178 158 105 254 254 254
 254 254 254 228 234 249 121 254  89 252 254 243  92 254 254 254
 254 254 254 222 158 171 224 254 107 252 254 247 115 254 254 254
 254 254 254 254 253 253 254 254 247 254 254 254 252 254 254 254
 254 254 254 254 254 254 254 254 254 254 254 254 254 254 254 254
 254 254 254 254 254 254 254 254 254 254 254 254 254 254 254 254
 254 254 254 254 254 254 254 254 254 254 254 254 254 254 254 254
 254 254 254 254 254 254 254 254 254 254 254 254 254 254 254 254
 254 254 254 254 254 254 254 254 254 254 254 254 254 254 254 254
 254 254 254 254 254 254 254 254 254 254 254 254 254 254 254 254
 254 254 254 254 254 254 254 254 254 254 254 254 254 254 254 254
 254 254 254 254 254 254 254 254 254 254 254 254 254 254 254 254
 254 254 254 254 253 253 254 254 253 254 254 253 249 254 254 254
 254 254 254 220 157 162 219 254 117 252 254 230 129 254 254 254
 254 254 254 121 228 237 139 253  90 250 254 226 102 254 254 254
 254 254 254 130 220 236  78 252  91 210 225 193  91 254 254 254
 254 254 254 236 128 134  79 251 103 147 169 149  95 254 254 254
 254 254 254 228 234 248 117 253  84 252 254 242  88 254 254 254
 254 254 254 220 153 166 224 254  98 252 254 246 109 254 254 254
 254 254 254 254 253 253 254 254 247 254 254 254 252 254 254 254
 254 254 254 254 254 254 254 254 254 254 254 254 254 254 254 254
 254 254 254 254 254 254 254 254 254 254 254 254 254 254 254 254
 254 254 254 254 254 254 254 254 254 254 254 254 254 254 254 254
 254 254 254 254 254 254 254 254 254 254 254 254 254 254 254 254
 253 254 254 254 254 254 254 254 254 254 254 254 254 254 254 253
 254 254 254 254 254 254 254 254 254 254 254 254 254 254 254 254
 253 254 254 254 254 254 254 254 254 254 254 254 254 254 254 254
 254 254 254 254 254 254 254 254 254 254 254 254 254 254 254 254
 254 254 254 254 253 253 254 254 253 254 254 253 249 254 254 253
 254 254 254 219 156 160 218 252 118 252 254 230 129 253 254 253
 254 254 254 121 228 237 139 252  90 250 254 227 103 254 254 254
 254 254 254 129 219 238  93 253  99 212 225 195  94 254 254 254
 254 254 254 236 130 141  94 254 127 156 170 145  94 253 254 254
 254 254 254 228 234 248 122 253  99 253 254 244  97 254 254 253
 254 254 254 221 153 166 223 254 121 252 254 249 128 254 254 253
 253 254 254 254 253 253 254 254 247 254 254 254 252 254 254 253
 254 254 254 254 254 254 254 254 254 254 254 254 254 254 254 253
 254 254 254 254 254 254 254 254 254 254 254 254 254 254 254 253
 253 254 254 254 254 254 254 254 254 254 254 254 254 254 254 253
 253 253 252 250 249 249 251 252 253 254 254 254 254 254 254 253

 254 254 254 254 254 254 254 254 254 254 254 254 254 254 254 254
 254 254 254 254 254 254 254 254 254 254 254 254 254 254 254 254
 254 254 254 254 254 254 254 254 254 254 254 254 254 254 254 254
 254 254 254 254 249 133 108 109 105  92 115 252 254 254 254 254
 254 254 254 254 253 232 229 206 158 243 247 254 254 254 254 254
 254 254 254 254 254 254 254 231 178 254 254 254 254 254 254 254
 254 254 254 254 254 252 250 216 159 252 252 254 254 254 254 254
 254 254 254 254 253 127  99 101 119  89 107 247 254 254 254 254
 254 254 254 254 254 254 254 255 255 254 254 254 254 254 254 254
 254 254 254 254 254 220 148  94  93 121 224 254 254 254 254 254
 254 254 254 254 253 164 238 240 147 249 171 253 254 254 254 254
 254 254 254 254 253 160 229 221 137 234 158 253 254 254 254 254
 254 254 254 254 254 220 121 130 238 228 222 254 254 254 254 254
 254 254 254 254 254 254 254 254 254 254 254 254 254 254 254 254
 254 254 254 254 254 254 254 254 254 254 254 254 254 254 254 254
 254 254 254 254 254 254 254 254 254 254 254 254 254 254 254 254
 254 254 254 254 254 254 254 254 254 254 254 254 254 254 254 254
 254 254 254 254 254 254 254 254 254 254 254 254 254 254 254 254
 254 254 254 254 254 254 254 254 254 254 254 254 254 254 254 254
 254 254 254 254 249 129 102  91  95  88 109 252 254 254 254 254
 254 254 254 254 253 230 226 193 149 242 246 254 254 254 254 254
 254 254 254 254 254 254 254 225 169 254 254 254 254 254 254 254
 254 254 254 254 254 252 250 210 147 252 252 254 254 254 254 254
 254 254 254 254 253 117  90  91 103  84  98 247 254 254 254 254
 254 254 254 254 254 254 253 252 251 253 254 254 254 254 254 254
 254 254 254 254 254 219 139  78  79 117 224 254 254 254 254 254
 254 254 254 254 253 162 237 236 134 248 166 253 254 254 254 254
 254 254 254 254 253 157 228 220 128 234 153 253 254 254 254 254
 254 254 254 254 254 220 121 130 236 228 220 254 254 254 254 254
 254 254 254 254 254 254 254 254 254 254 254 254 254 254 254 254
 254 254 254 254 254 254 254 254 254 254 254 254 254 254 254 254
 254 254 254 254 254 254 254 254 254 254 254 254 254 254 254 254
 253 254 254 254 253 253 254 254 254 253 253 253 253 253 253 253
 254 254 254 254 254 254 254 254 254 254 254 254 254 254 254 254
 254 254 254 254 254 253 254 254 253 254 254 254 254 254 254 254
 254 254 254 254 249 129 103  94  94  97 128 252 254 254 254 254
 254 254 254 254 253 230 227 195 145 244 249 254 254 254 254 254
 254 254 254 254 254 254 254 225 170 254 254 254 254 254 254 254
 254 254 254 254 254 252 250 212 156 253 252 254 254 254 254 254
 254 254 254 254 253 118  90  99 127  99 121 247 254 254 254 253
 254 254 254 254 254 252 252 253 254 253 254 254 254 254 254 252
 254 254 254 254 254 218 139  93  94 122 223 254 254 254 254 251
 254 254 254 254 253 160 237 238 141 248 166 253 254 254 254 249
 254 254 254 254 253 156 228 219 130 234 153 253 254 254 254 249
 254 254 254 254 254 219 121 129 236 228 221 254 254 254 254 250
 254 254 254 254 254 254 254 254 254 254 254 254 254 254 254 252
 254 254 254 254 254 254 254 254 254 254 254 254 254 254 254 253
 253 254 253 254 254 254 254 254 254 254 254 253 254 254 253 253

