 125 123 129 124 126 111 108 101 108 111 109 118 123 123 122  76
 147 152 158 160 162 165 168 167 173 172 172 170 174 174 175 119
 148 126  97 156 155 154 166 161 150 142 167 175 181 177 180 129
 142  87  12 136 105  74 139  46  33  33 100 175 180 179 181 127
 146  89   7 147  99  22  59  14 130  63  40 178 176 179 182 110
 145 100   6 149  87   5   6  36 148  55  77 177 174 174 181 102
 143  94  13 150 147 105  86 119 161 104 161 177 174 173 182 106
 134  98  20 148 148 134 132 134 133 135 147 173 174 175 180 115
 138  99  24 155 108  37  26  17  34  34  49 160 176 175 180 121
 138 105  30 156 157 145 125   7 137 149 145 173 177 178 178 127
 140 122  36 161 160 156 134  17 155 170 171 178 175 177 177 133
 144 127  56 158 102  71  66   7  56  75 134 177 172 176 180 139
 150 143 104 160 116  56  46  42  46  43  76 176 176 178 179 141
 148 152 152 160 162 158 156 156 157 157 165 175 174 179 185 124
 150 154 159 162 164 164 163 159 166 167 166 166 170 172 171 117
 112 118 127 128 124 110  95  71  64  66  65  57  59  72  70  51
 117 123 118 119 120 101 100 100 101 103 104 114 117 119 117  71
 133 147 144 150 150 151 155 155 157 161 159 160 162 165 166 113
 136 122  89 146 141 139 155 147 135 131 155 161 164 166 167 121
 133  78  12 132  90  63 131  42  24  24  94 159 164 167 168 120
 137  82   7 142  83  19  55  14 120  57  36 160 164 169 169 106
 134  85   8 144  78   4   5  34 137  53  72 161 165 165 167  98
 133  80  15 143 140  99  80 116 144 101 149 165 165 165 166 105
 129  89  24 140 140 127 128 131 124 130 139 163 165 165 165 109
 135  98  28 147 101  33  26  18  23  31  48 151 165 165 167 111
 135 101  32 147 146 140 117  13 124 137 139 160 167 168 168 114
 134 107  39 149 147 150 120  19 140 152 159 163 166 167 167 123
 134 113  59 147  89  67  57   7  50  64 123 162 164 165 168 130
 139 133 102 147 109  52  37  43  41  33  66 162 165 166 166 133
 139 146 144 149 150 149 147 152 148 144 154 162 162 166 168 117
 142 147 147 149 151 153 154 152 155 152 155 156 157 160 159 112
 109 113 115 120 115 107  92  68  56  59  60  56  56  66  66  49
 116 116 118 116 118 101  98  98  92  98 101 112 116 117 113  71
 131 137 139 144 143 148 150 149 144 151 153 156 156 162 158 110
 133 115  85 143 134 136 149 143 126 123 152 160 158 160 161 113
 129  70  14 120  89  65 126  44  17  18  92 158 160 160 162 111
 131  74  11 133  80  21  55  19 109  50  36 156 161 161 159  97
 129  78  11 138  73   4   4  35 122  41  71 151 162 161 157  87
 127  81  16 138 128  91  77 110 128  91 147 155 161 161 158  92
 118  84  24 135 128 116 122 125 118 125 135 151 160 158 158  98
 118  84  29 141  92  29  21  17  21  27  43 135 157 154 159  98
 119  84  34 140 142 134 109  14 123 134 133 145 156 154 158  95
 117  95  42 139 143 139 110  20 136 148 148 149 154 158 157 101
 122  99  63 139  83  60  56   8  46  60 111 151 154 160 159 112
 125 117  96 142 105  52  37  40  37  32  53 153 158 160 159 121
 125 126 128 147 140 145 141 144 137 139 135 153 153 155 159 112
 125 130 130 144 136 141 142 141 139 143 138 146 147 150 149 107
  93 104 107 115 103  95  85  62  48  53  51  50  47  59  59  45

  76 119 129 127 110 102 106 115 121 127 133 139 141 124 117  51
 122 175 180 181 182 181 182 180 180 178 177 180 179 185 171  70
 123 174 177 179 179 174 173 175 175 178 177 176 178 179 172  72
 123 174 181 180 176 174 174 174 176 177 175 172 176 174 170  59
 118 170 175 175 178 177 177 173 160 173 178 177 176 175 166  57
 109 172 167 100  40  77 161 147  49 145 171 134  76 165 166  65
 111 172 142  33  63  55 104 135  34 149 170  75  43 157 167  66
 108 173 150  33 130 148 161 133  34 137 155  56  46 157 166  64
 101 167 161  46  14  36 119 134  17   7  17   7  42 156 159  71
 108 168 166 139  59   6  86 132  26 125 134  66  46 156 163  95
 111 165 154  74  22   5 105 134  37 145 156  71  56 158 164 110
 126 162 155 105  99  87 147 148 108 157 160 102 116 162 164 124
 124 160 156 136 147 149 150 148 155 156 161 158 160 160 162 128
 129 158  97  12   7   6  13  20  24  30  36  56 104 152 159 127
 123 152 126  87  89 100  94  98  99 105 122 127 143 152 154 118
 125 147 148 142 146 145 143 134 138 138 140 144 150 148 150 112
  71 113 121 120 106  98 105 109 111 114 123 130 133 117 112  49
 117 166 167 168 169 167 166 165 167 168 167 168 166 168 159  66
 119 165 166 167 169 165 165 165 165 168 167 165 166 166 160  66
 117 162 164 164 164 165 165 165 165 167 166 164 165 162 157  56
 114 160 161 159 160 161 165 163 151 160 163 162 162 162 156  56
 104 159 155  94  36  72 149 139  48 139 159 123  66 154 155  60
 103 161 131  24  57  53 101 130  31 137 152  64  33 144 152  59
 101 157 135  24 120 137 144 124  23 124 140  50  41 148 155  56
 100 155 147  42  14  34 116 131  18  13  19   7  43 152 152  68
 100 155 155 131  55   5  80 128  26 117 120  57  37 147 154  92
 101 151 139  63  19   4  99 127  33 140 150  67  52 149 153 107
 120 150 141  90  83  78 140 140 101 146 147  89 109 150 151 115
 119 150 146 132 142 144 143 140 147 147 149 147 147 149 149 120
 118 144  89  12   7   8  15  24  28  32  39  59 102 144 147 115
 123 147 122  78  82  85  80  89  98 101 107 113 133 146 147 113
 117 133 136 133 137 134 133 129 135 135 134 134 139 139 142 109
  71 110 113 111  97  87  92  98  98  95 101 112 121 112 107  45
 113 158 161 162 159 157 158 158 159 158 157 159 159 159 149  59
 117 162 160 160 161 161 161 158 154 154 158 160 160 155 150  59
 116 156 158 160 161 162 161 160 157 156 154 154 158 153 147  47
 112 156 160 158 156 151 155 151 135 145 149 151 153 153 146  50
 101 153 152  92  36  71 147 135  43 133 148 111  53 135 138  51
  98 151 123  18  50  41  91 125  27 134 148  60  32 139 143  53
  92 144 126  17 109 122 128 118  21 123 136  46  37 137 139  48
  98 149 143  44  19  35 110 125  17  14  20   8  40 144 141  62
  98 150 149 126  55   4  77 122  21 109 110  56  37 141 142  85
 101 148 136  65  21   4  91 116  29 134 139  60  52 145 141  95
 118 143 134  89  80  73 128 128  92 142 143  83 105 140 136 103
 116 144 143 120 133 138 138 135 141 140 139 139 142 147 144 115
 118 139  85  14  11  11  16  24  29  34  42  63  96 128 130 107
 116 137 115  70  74  78  81  84  84  84  95  99 117 126 130 104
 116 131 133 129 131 129 127 118 118 119 117 122 125 125 125  93

  51  70  72  59  57  65  66  64  71  95 110 124 128 127 118 112
 117 171 172 170 166 166 167 166 159 163 164 164 162 159 154 150
 124 185 179 174 175 165 157 157 156 156 158 162 160 152 152 148
 141 179 178 176 176  76  43  46  42  46  56 116 160 104 143 150
 139 180 176 172 177 134  75  56   7  66  71 102 158  56 127 144
 133 177 177 175 178 171 170 155  17 134 156 160 161  36 122 140
 127 178 178 177 173 145 149 137   7 125 145 157 156  30 105 138
 121 180 175 176 160  49  34  34  17  26  37 108 155  24  99 138
 115 180 175 174 173 147 135 133 134 132 134 148 148  20  98 134
 106 182 173 174 177 161 104 161 119  86 105 147 150  13  94 143
 102 181 174 174 177  77  55 148  36   6   5  87 149   6 100 145
 110 182 179 176 178  40  63 130  14  59  22  99 147   7  89 146
 127 181 179 180 175 100  33  33  46 139  74 105 136  12  87 142
 129 180 177 181 175 167 142 150 161 166 154 155 156  97 126 148
 119 175 174 174 170 172 172 173 167 168 165 162 160 158 152 147
  76 122 123 123 118 109 111 108 101 108 111 126 124 129 123 125
  49  66  66  56  56  60  59  56  68  92 107 115 120 115 113 109
 112 159 160 157 156 155 152 155 152 154 153 151 149 147 147 142
 117 168 166 162 162 154 144 148 152 147 149 150 149 144 146 139
 133 166 166 165 162  66  33  41  43  37  52 109 147 102 133 139
 130 168 165 164 162 123  64  50   7  57  67  89 147  59 113 134
 123 167 167 166 163 159 152 140  19 120 150 147 149  39 107 134
 114 168 168 167 160 139 137 124  13 117 140 146 147  32 101 135
 111 167 165 165 151  48  31  23  18  26  33 101 147  28  98 135
 109 165 165 165 163 139 130 124 131 128 127 140 140  24  89 129
 105 166 165 165 165 149 101 144 116  80  99 140 143  15  80 133
  98 167 165 165 161  72  53 137  34   5   4  78 144   8  85 134
 106 169 169 164 160  36  57 120  14  55  19  83 142   7  82 137
 120 168 167 164 159  94  24  24  42 131  63  90 132  12  78 133
 121 167 166 164 161 155 131 135 147 155 139 141 146  89 122 136
 113 166 165 162 160 159 161 157 155 155 151 150 150 144 147 133
  71 117 119 117 114 104 103 101 100 100 101 120 119 118 123 117
  45  59  59  47  50  51  53  48  62  85  95 103 115 107 104  93
 107 149 150 147 146 138 143 139 141 142 141 136 144 130 130 125
 112 159 155 153 153 135 139 137 144 141 145 140 147 128 126 125
 121 159 160 158 153  53  32  37  40  37  52 105 142  96 117 125
 112 159 160 154 151 111  60  46   8  56  60  83 139  63  99 122
 101 157 158 154 149 148 148 136  20 110 139 143 139  42  95 117
  95 158 154 156 145 133 134 123  14 109 134 142 140  34  84 119
  98 159 154 157 135  43  27  21  17  21  29  92 141  29  84 118
  98 158 158 160 151 135 125 118 125 122 116 128 135  24  84 118
  92 158 161 161 155 147  91 128 110  77  91 128 138  16  81 127
  87 157 161 162 151  71  41 122  35   4   4  73 138  11  78 129
  97 159 161 161 156  36  50 109  19  55  21  80 133  11  74 131
 111 162 160 160 158  92  18  17  44 126  65  89 120  14  70 129
 113 161 160 158 160 152 123 126 143 149 136 134 143  85 115 133
 110 158 162 156 156 153 151 144 149 150 148 143 144 139 137 131
  71 113 117 116 112 101  98  92  98  98 101 118 116 118 116 116

 112 150 148 150 144 140 138 138 134 143 145 146 142 148 147 125
 118 154 152 143 127 122 105  99  98  94 100  89  87 126 152 123
 127 159 152 104  56  36  30  24  20  13   6   7  12  97 158 129
 128 162 160 160 158 161 156 155 148 150 149 147 136 156 160 124
 124 164 162 116 102 160 157 108 148 147  87  99 105 155 162 126
 110 164 158  56  71 156 145  37 134 105   5  22  74 154 165 111
  95 163 156  46  66 134 125  26 132  86   6  59 139 166 168 108
  71 159 156  42   7  17   7  17 134 119  36  14  46 161 167 101
  64 166 157  46  56 155 137  34 133 161 148 130  33 150 173 108
  66 167 157  43  75 170 149  34 135 104  55  63  33 142 172 111
  65 166 165  76 134 171 145  49 147 161  77  40 100 167 172 109
  57 166 175 176 177 178 173 160 173 177 177 178 175 175 170 118
  59 170 174 176 172 175 177 176 174 174 174 176 180 181 174 123
  72 172 179 178 176 177 178 175 175 173 174 179 179 177 174 123
  70 171 185 179 180 177 178 180 180 182 181 182 181 180 175 122
  51 117 124 141 139 133 127 121 115 106 102 110 127 129 119  76
 109 142 139 139 134 134 135 135 129 133 134 137 133 136 133 117
 113 147 146 133 113 107 101  98  89  80  85  82  78 122 147 123
 115 147 144 102  59  39  32  28  24  15   8   7  12  89 144 118
 120 149 149 147 147 149 147 147 140 143 144 142 132 146 150 119
 115 151 150 109  89 147 146 101 140 140  78  83  90 141 150 120
 107 153 149  52  67 150 140  33 127  99   4  19  63 139 151 101
  92 154 147  37  57 120 117  26 128  80   5  55 131 155 155 100
  68 152 152  43   7  19  13  18 131 116  34  14  42 147 155 100
  56 155 148  41  50 140 124  23 124 144 137 120  24 135 157 101
  59 152 144  33  64 152 137  31 130 101  53  57  24 131 161 103
  60 155 154  66 123 159 139  48 139 149  72  36  94 155 159 104
  56 156 162 162 162 163 160 151 163 165 161 160 159 161 160 114
  56 157 162 165 164 166 167 165 165 165 165 164 164 164 162 117
  66 160 166 166 165 167 168 165 165 165 165 169 167 166 165 119
  66 159 168 166 168 167 168 167 165 166 167 169 168 167 166 117
  49 112 117 133 130 123 114 111 109 105  98 106 120 121 113  71
  93 125 125 125 122 117 119 118 118 127 129 131 129 133 131 116
 104 130 126 117  99  95  84  84  84  81  78  74  70 115 137 116
 107 130 128  96  63  42  34  29  24  16  11  11  14  85 139 118
 115 144 147 142 139 139 140 141 135 138 138 133 120 143 144 116
 103 136 140 105  83 143 142  92 128 128  73  80  89 134 143 118
  95 141 145  52  60 139 134  29 116  91   4  21  65 136 148 101
  85 142 141  37  56 110 109  21 122  77   4  55 126 149 150  98
  62 141 144  40   8  20  14  17 125 110  35  19  44 143 149  98
  48 139 137  37  46 136 123  21 118 128 122 109  17 126 144  92
  53 143 139  32  60 148 134  27 125  91  41  50  18 123 151  98
  51 138 135  53 111 148 133  43 135 147  71  36  92 152 153 101
  50 146 153 153 151 149 145 135 151 155 151 156 158 160 156 112
  47 147 153 158 154 154 156 157 160 161 162 161 160 158 156 116
  59 150 155 160 160 158 154 154 158 161 161 161 160 160 162 117
  59 149 159 159 159 157 158 159 158 158 157 159 162 161 158 113
  45 107 112 121 112 101  95  98  98  92  87  97 111 113 110  71

