  53  50  47  56  70  82  88  82  85  91  94  93  98 105  96  88
 141 144 149 150 149 149 146 145 145 138 122 122 132 144 142 136
 148 153 152 153 153 150 150 149 116  32  23   4  17  94 143 139
 151 154 153 152 151 151 151 151 148 145 137  95  38   5  92 134
 152 154 153 152 150 154 154 155 151 119  36   9  45   9  34 135
 155 158 154  95  69 150 145  83 144  53  13   9   7  32   3 110
 157 159 151  38  18 148 119  14 142  95 118  65   1  51   0  79
 158 162 151  30  27 141  99  14 123 155 143  42   8  72   1  77
 161 166 157  43  20  40  42  12 133 156 121  12   7  43   2  91
 161 163 160  46  71 151 129  30 139 112 104  65   6  15   3 104
 160 163 160  54  96 161 115  35 135  92  22  10   7   3   7 135
 160 166 158  84 126 161 148  83 153 157 120 109  58   4  60 151
 161 168 166 164 165 165 163 161 161 159 151  77   6  36 146 156
 165 169 171 171 169 169 167 166 163 158  37  14  67 142 161 157
 167 171 171 172 171 170 167 167 166 162 148 152 163 165 164 158
 163 168 168 166 169 170 170 170 166 165 165 168 166 163 162 158
  56  60  62  67  78  88  93  90  90  93  97  96 101 108  99  90
 142 146 150 149 147 148 147 146 143 134 118 118 128 139 139 136
 147 151 150 153 151 149 148 148 118  40  31   6  17  88 137 138
 150 153 153 153 152 152 151 151 148 144 135  93  43   8  97 139
 153 155 155 153 151 153 152 152 151 120  38  13  52  10  33 131
 155 155 153  94  69 150 145  88 138  51  15  11   8  33   3 113
 157 157 150  38  19 149 121  15 137  95 118  67   7  66   2  83
 158 159 151  33  27 137  98  14 122 154 144  44  11  78   2  76
 159 163 155  45  24  41  45  15 134 155 121  18  13  48   3  92
 160 162 159  47  73 149 129  28 138 112 107  66   6  16   6 108
 160 164 160  54  97 162 119  37 137  96  28  14  10   7   9 136
 162 166 159  88 127 163 149  82 153 156 120 110  61   7  60 152
 164 170 167 165 165 165 163 162 162 160 150  78  10  39 146 156
 167 170 169 168 166 168 167 167 166 160  43  22  70 142 160 155
 166 170 170 171 170 169 168 168 167 164 149 152 160 161 161 157
 162 169 170 169 170 167 166 168 166 166 165 164 164 163 163 158
  57  59  59  71  79  85  91  87  85  87  91  94 103 112 106 100
 136 134 139 140 140 141 141 139 138 128 111 113 121 136 140 138
 143 144 146 148 148 147 147 146 116  42  36   8  16  85 133 133
 148 149 148 147 147 147 148 149 144 137 126  87  40   8  92 132
 149 149 148 146 143 147 146 145 141 115  35  10  48  11  35 128
 148 146 144  89  63 141 139  82 136  50  14  10   6  32   3 103
 152 153 146  34  15 144 116   9 134  90 115  64   3  61   0  75
 150 154 146  29  21 131  94  11 116 146 139  43  10  70   0  74
 152 157 150  43  25  45  45  13 128 150 120  15   8  44   2  90
 154 156 156  45  63 133 118  23 132 105 103  65   6  14   1  95
 156 157 156  49  89 150 111  30 132  93  30  16  11   6   8 134
 150 155 154  85 121 152 141  76 146 149 115 106  56   5  58 148
 155 159 157 155 158 158 157 155 156 154 145  74   8  37 142 149
 157 160 161 160 158 156 155 155 155 153  40  22  69 139 155 153
 159 158 157 161 162 160 157 157 157 156 143 146 153 154 154 151
 156 157 156 158 163 161 160 162 160 159 156 155 154 155 157 155

  88 136 139 134 135 110  79  77  91 104 135 151 156 157 158 158
  96 142 143  92  34   3   0   1   2   3   7  60 146 161 164 162
 105 144  94   5   9  32  51  72  43  15   3   4  36 142 165 163
  98 132  17  38  45   7   1   8   7   6   7  58   6  67 163 166
  93 122   4  95   9   9  65  42  12  65  10 109  77  14 152 168
  94 122  23 137  36  13 118 143 121 104  22 120 151  37 148 165
  91 138  32 145 119  53  95 155 156 112  92 157 159 158 162 165
  85 145 116 148 151 144 142 123 133 139 135 153 161 163 166 166
  82 145 149 151 155  83  14  14  12  30  35  83 161 166 167 170
  88 146 150 151 154 145 119  99  42 129 115 148 163 167 167 170
  82 149 150 151 154 150 148 141  40 151 161 161 165 169 170 170
  70 149 153 151 150  69  18  27  20  71  96 126 165 169 171 169
  56 150 153 152 152  95  38  30  43  46  54  84 164 171 172 166
  47 149 152 153 153 154 151 151 157 160 160 158 166 171 171 168
  50 144 153 154 154 158 159 162 166 163 163 166 168 169 171 168
  53 141 148 151 152 155 157 158 161 161 160 160 161 165 167 163
  90 136 138 139 131 113  83  76  92 108 136 152 156 155 157 158
  99 139 137  97  33   3   2   2   3   6   9  60 146 160 161 163
 108 139  88   8  10  33  66  78  48  16   7   7  39 142 161 163
 101 128  17  43  52   8   7  11  13   6  10  61  10  70 160 164
  96 118   6  93  13  11  67  44  18  66  14 110  78  22 152 164
  97 118  31 135  38  15 118 144 121 107  28 120 150  43 149 165
  93 134  40 144 120  51  95 154 155 112  96 156 160 160 164 166
  90 143 118 148 151 138 137 122 134 138 137 153 162 166 167 166
  90 146 148 151 152  88  15  14  15  28  37  82 162 167 168 168
  93 147 148 151 152 145 121  98  45 129 119 149 163 167 168 166
  88 148 149 152 153 150 149 137  41 149 162 163 165 168 169 167
  78 147 151 152 151  69  19  27  24  73  97 127 165 166 170 170
  67 149 153 153 153  94  38  33  45  47  54  88 165 168 171 169
  62 150 150 153 155 153 150 151 155 159 160 159 167 169 170 170
  60 146 151 153 155 155 157 159 163 162 164 166 170 170 170 169
  56 142 147 150 153 155 157 158 159 160 160 162 164 167 166 162
 100 138 133 132 128 103  75  74  90  95 134 148 149 153 151 155
 106 140 133  92  35   3   0   0   2   1   8  58 142 155 154 157
 112 136  85   8  11  32  61  70  44  14   6   5  37 139 154 155
 103 121  16  40  48   6   3  10   8   6  11  56   8  69 153 154
  94 113   8  87  10  10  64  43  15  65  16 106  74  22 146 155
  91 111  36 126  35  14 115 139 120 103  30 115 145  40 143 156
  87 128  42 137 115  50  90 146 150 105  93 149 154 153 156 159
  85 138 116 144 141 136 134 116 128 132 132 146 156 155 157 160
  87 139 146 149 145  82   9  11  13  23  30  76 155 155 157 162
  91 141 147 148 146 139 116  94  45 118 111 141 157 155 157 160
  85 141 147 147 147 141 144 131  45 133 150 152 158 156 160 161
  79 140 148 147 143  63  15  21  25  63  89 121 158 158 162 163
  71 140 148 147 146  89  34  29  43  45  49  85 155 160 161 158
  59 139 146 148 148 144 146 146 150 156 156 154 157 161 157 156
  59 134 144 149 149 146 153 154 157 156 157 155 159 160 158 157
  57 136 143 148 149 148 152 150 152 154 156 150 155 157 159 156

 158 162 163 166 168 165 165 166 170 170 170 169 166 168 168 163
 158 164 165 163 152 148 162 166 167 167 170 171 172 171 171 167
 157 161 142  67  14  37 158 163 166 167 169 169 171 171 169 165
 156 146  36   6  77 151 159 161 161 163 165 165 164 166 168 161
 151  60   4  58 109 120 157 153  83 148 161 126  84 158 166 160
 135   7   3   7  10  22  92 135  35 115 161  96  54 160 163 160
 104   3  15   6  65 104 112 139  30 129 151  71  46 160 163 161
  91   2  43   7  12 121 156 133  12  42  40  20  43 157 166 161
  77   1  72   8  42 143 155 123  14  99 141  27  30 151 162 158
  79   0  51   1  65 118  95 142  14 119 148  18  38 151 159 157
 110   3  32   7   9  13  53 144  83 145 150  69  95 154 158 155
 135  34   9  45   9  36 119 151 155 154 154 150 152 153 154 152
 134  92   5  38  95 137 145 148 151 151 151 151 152 153 154 151
 139 143  94  17   4  23  32 116 149 150 150 153 153 152 153 148
 136 142 144 132 122 122 138 145 145 146 149 149 150 149 144 141
  88  96 105  98  93  94  91  85  82  88  82  70  56  47  50  53
 158 163 163 164 164 165 166 166 168 166 167 170 169 170 169 162
 157 161 161 160 152 149 164 167 168 168 169 170 171 170 170 166
 155 160 142  70  22  43 160 166 167 167 168 166 168 169 170 167
 156 146  39  10  78 150 160 162 162 163 165 165 165 167 170 164
 152  60   7  61 110 120 156 153  82 149 163 127  88 159 166 162
 136   9   7  10  14  28  96 137  37 119 162  97  54 160 164 160
 108   6  16   6  66 107 112 138  28 129 149  73  47 159 162 160
  92   3  48  13  18 121 155 134  15  45  41  24  45 155 163 159
  76   2  78  11  44 144 154 122  14  98 137  27  33 151 159 158
  83   2  66   7  67 118  95 137  15 121 149  19  38 150 157 157
 113   3  33   8  11  15  51 138  88 145 150  69  94 153 155 155
 131  33  10  52  13  38 120 151 152 152 153 151 153 155 155 153
 139  97   8  43  93 135 144 148 151 151 152 152 153 153 153 150
 138 137  88  17   6  31  40 118 148 148 149 151 153 150 151 147
 136 139 139 128 118 118 134 143 146 147 148 147 149 150 146 142
  90  99 108 101  96  97  93  90  90  93  88  78  67  62  60  56
 155 157 155 154 155 156 159 160 162 160 161 163 158 156 157 156
 151 154 154 153 146 143 156 157 157 157 160 162 161 157 158 159
 153 155 139  69  22  40 153 155 155 155 156 158 160 161 160 157
 149 142  37   8  74 145 154 156 155 157 158 158 155 157 159 155
 148  58   5  56 106 115 149 146  76 141 152 121  85 154 155 150
 134   8   6  11  16  30  93 132  30 111 150  89  49 156 157 156
  95   1  14   6  65 103 105 132  23 118 133  63  45 156 156 154
  90   2  44   8  15 120 150 128  13  45  45  25  43 150 157 152
  74   0  70  10  43 139 146 116  11  94 131  21  29 146 154 150
  75   0  61   3  64 115  90 134   9 116 144  15  34 146 153 152
 103   3  32   6  10  14  50 136  82 139 141  63  89 144 146 148
 128  35  11  48  10  35 115 141 145 146 147 143 146 148 149 149
 132  92   8  40  87 126 137 144 149 148 147 147 147 148 149 148
 133 133  85  16   8  36  42 116 146 147 147 148 148 146 144 143
 138 140 136 121 113 111 128 138 139 141 141 140 140 139 134 136
 100 106 112 103  94  91  87  85  87  91  85  79  71  59  59  57

 163 167 165 161 160 160 161 161 158 157 155 152 151 148 141  53
 168 171 169 168 166 163 163 166 162 159 158 154 154 153 144  50
 168 171 171 166 158 160 160 157 151 151 154 153 153 152 149  47
 166 172 171 164  84  54  46  43  30  38  95 152 152 153 150  56
 169 171 169 165 126  96  71  20  27  18  69 150 151 153 149  70
 170 170 169 165 161 161 151  40 141 148 150 154 151 150 149  82
 170 167 167 163 148 115 129  42  99 119 145 154 151 150 146  88
 170 167 166 161  83  35  30  12  14  14  83 155 151 149 145  82
 166 166 163 161 153 135 139 133 123 142 144 151 148 116 145  85
 165 162 158 159 157  92 112 156 155  95  53 119 145  32 138  91
 165 148  37 151 120  22 104 121 143 118  13  36 137  23 122  94
 168 152  14  77 109  10  65  12  42  65   9   9  95   4 122  93
 166 163  67   6  58   7   6   7   8   1   7  45  38  17 132  98
 163 165 142  36   4   3  15  43  72  51  32   9   5  94 144 105
 162 164 161 146  60   7   3   2   1   0   3  34  92 143 142  96
 158 158 157 156 151 135 104  91  77  79 110 135 134 139 136  88
 162 166 167 164 162 160 160 159 158 157 155 153 150 147 142  56
 169 170 170 170 166 164 162 163 159 157 155 155 153 151 146  60
 170 170 169 167 159 160 159 155 151 150 153 155 153 150 150  62
 169 171 168 165  88  54  47  45  33  38  94 153 153 153 149  67
 170 170 166 165 127  97  73  24  27  19  69 151 152 151 147  78
 167 169 168 165 163 162 149  41 137 149 150 153 152 149 148  88
 166 168 167 163 149 119 129  45  98 121 145 152 151 148 147  93
 168 168 167 162  82  37  28  15  14  15  88 152 151 148 146  90
 166 167 166 162 153 137 138 134 122 137 138 151 148 118 143  90
 166 164 160 160 156  96 112 155 154  95  51 120 144  40 134  93
 165 149  43 150 120  28 107 121 144 118  15  38 135  31 118  97
 164 152  22  78 110  14  66  18  44  67  11  13  93   6 118  96
 164 160  70  10  61  10   6  13  11   7   8  52  43  17 128 101
 163 161 142  39   7   7  16  48  78  66  33  10   8  88 139 108
 163 161 160 146  60   9   6   3   2   2   3  33  97 137 139  99
 158 157 155 156 152 136 108  92  76  83 113 131 139 138 136  90
 156 159 157 155 150 156 154 152 150 152 148 149 148 143 136  57
 157 158 160 159 155 157 156 157 154 153 146 149 149 144 134  59
 156 157 161 157 154 156 156 150 146 146 144 148 148 146 139  59
 158 161 160 155  85  49  45  43  29  34  89 146 147 148 140  71
 163 162 158 158 121  89  63  25  21  15  63 143 147 148 140  79
 161 160 156 158 152 150 133  45 131 144 141 147 147 147 141  85
 160 157 155 157 141 111 118  45  94 116 139 146 148 147 141  91
 162 157 155 155  76  30  23  13  11   9  82 145 149 146 139  87
 160 157 155 156 146 132 132 128 116 134 136 141 144 116 138  85
 159 156 153 154 149  93 105 150 146  90  50 115 137  42 128  87
 156 143  40 145 115  30 103 120 139 115  14  35 126  36 111  91
 155 146  22  74 106  16  65  15  43  64  10  10  87   8 113  94
 154 153  69   8  56  11   6   8  10   3   6  48  40  16 121 103
 155 154 139  37   5   6  14  44  70  61  32  11   8  85 136 112
 157 154 155 142  58   8   1   2   0   0   3  35  92 133 140 106
 155 151 153 149 148 134  95  90  74  75 103 128 132 133 138 100

