 254 254 254 254 254 254 254 254 254 254 254 254 254 254 254 254
 254 254 254 254 254 254 254 254 254 254 254 254 254 254 254 253
 254 254 254 254 254 254 254 254 254 254 254 254 254 254 254 254
 254 254 254 254 253 228 217 210 218 220 214 253 254 254 254 254
 254 254 254 254 253 173 125 156 168 175 173 251 254 254 254 254
 254 254 254 254 254 253 185 240 254 254 254 254 254 254 254 253
 254 254 254 254 254 254 254 254 254 254 254 254 254 254 254 254
 254 254 254 254 253 199 212 204 183 205 211 251 254 254 254 254
 254 254 254 254 253 189 177 148 159 177 196 250 254 254 254 254
 254 254 254 254 254 254 254 192 225 254 254 254 254 254 254 254
 254 254 254 254 254 254 254 196 233 254 254 254 254 254 254 254
 254 254 254 254 253 172 148 144 132 149 170 247 254 254 254 254
 254 254 254 254 254 234 215 218 225 215 225 254 254 254 254 254
 254 254 254 254 254 254 254 254 254 254 254 254 254 254 254 254
 254 254 254 254 254 254 254 254 254 254 254 254 254 254 254 254
 254 254 254 254 254 254 254 254 254 254 254 254 254 254 254 254
 254 254 254 254 254 254 254 254 254 254 254 254 254 254 254 254
 254 254 254 254 254 254 254 254 254 254 254 254 254 254 254 253
 254 254 254 254 254 254 254 254 254 254 254 254 254 254 254 254
 254 254 254 254 253 225 216 206 215 220 214 253 254 254 254 254
 254 254 254 254 253 168 123 150 164 175 173 251 254 254 254 254
 254 254 254 254 254 253 182 239 254 254 254 254 254 254 254 253
 254 254 254 254 254 254 253 253 254 254 254 254 254 254 254 254
 254 254 254 254 253 199 201 196 181 205 211 251 254 254 254 254
 254 254 254 254 253 189 171 135 155 177 196 250 254 254 254 254
 254 254 254 254 254 254 254 177 220 254 254 254 254 254 254 254
 254 254 254 254 254 254 254 182 231 254 254 254 254 254 254 254
 254 254 254 254 253 169 138 130 130 149 170 247 254 254 254 254
 254 254 254 254 254 233 215 218 225 215 225 254 254 254 254 254
 254 254 254 254 254 254 254 254 254 254 254 254 254 254 254 254
 254 254 254 254 254 254 254 254 254 254 254 254 254 254 254 254
 254 254 254 254 254 254 254 254 254 254 254 254 254 254 254 254
 251 254 253 253 253 253 254 254 254 254 253 253 254 254 254 254
 252 254 254 254 254 254 254 254 254 254 254 254 254 254 254 253
 253 254 254 254 254 254 254 254 254 254 254 254 254 254 254 254
 253 254 254 254 253 225 216 215 222 220 214 253 254 254 254 254
 254 254 254 254 253 168 123 161 177 175 173 251 254 254 254 254
 253 254 254 254 254 253 183 238 254 254 254 254 254 254 254 253
 253 254 254 254 254 254 253 253 254 254 254 254 254 254 254 253
 253 254 254 254 253 199 203 197 180 205 211 251 254 254 254 254
 253 254 254 254 253 190 172 140 150 177 196 250 254 254 254 253
 253 254 254 254 254 254 254 188 213 254 254 254 254 254 254 254
 254 254 254 254 254 254 254 192 222 254 254 254 254 254 254 254
 254 254 254 254 253 177 146 133 121 149 170 247 254 254 254 254
 253 254 254 254 254 235 216 217 225 215 225 254 254 254 254 253
 252 254 254 254 254 254 254 254 254 254 254 254 254 254 254 253
 252 254 254 254 254 254 254 254 254 254 254 254 254 254 254 253
 252 253 251 253 254 254 254 252 253 254 254 254 253 253 253 253

 254 253 254 254 254 253 254 254 254 254 254 254 254 254 254 254
 254 254 254 254 254 254 254 254 254 254 254 254 254 254 254 254
 254 254 254 254 254 254 254 254 254 254 254 254 254 254 254 254
 254 254 254 254 254 254 254 254 254 254 254 254 254 254 254 254
 254 254 254 253 251 254 254 251 250 254 254 247 254 254 254 254
 254 254 254 214 173 254 254 211 196 254 254 170 225 254 254 254
 254 254 254 220 175 254 254 205 177 254 254 149 215 254 254 254
 254 254 254 218 168 254 254 183 159 225 233 132 225 254 254 254
 254 254 254 210 156 240 254 204 148 192 196 144 218 254 254 254
 254 254 254 217 125 185 254 212 177 254 254 148 215 254 254 254
 254 254 254 228 173 253 254 199 189 254 254 172 234 254 254 254
 254 254 254 253 253 254 254 253 253 254 254 253 254 254 254 254
 254 254 254 254 254 254 254 254 254 254 254 254 254 254 254 254
 254 254 254 254 254 254 254 254 254 254 254 254 254 254 254 254
 254 254 254 254 254 254 254 254 254 254 254 254 254 254 254 254
 254 254 254 254 254 254 254 254 254 254 254 254 254 254 254 254
 254 253 254 254 254 253 254 254 254 254 254 254 254 254 254 254
 254 254 254 254 254 254 254 254 254 254 254 254 254 254 254 254
 254 254 254 254 254 254 254 254 254 254 254 254 254 254 254 254
 254 254 254 254 254 254 254 254 254 254 254 254 254 254 254 254
 254 254 254 253 251 254 254 251 250 254 254 247 254 254 254 254
 254 254 254 214 173 254 254 211 196 254 254 170 225 254 254 254
 254 254 254 220 175 254 254 205 177 254 254 149 215 254 254 254
 254 254 254 215 164 254 254 181 155 220 231 130 225 254 254 254
 254 254 254 206 150 239 253 196 135 177 182 130 218 254 254 254
 254 254 254 216 123 182 253 201 171 254 254 138 215 254 254 254
 254 254 254 225 168 253 254 199 189 254 254 169 233 254 254 254
 254 254 254 253 253 254 254 253 253 254 254 253 254 254 254 254
 254 254 254 254 254 254 254 254 254 254 254 254 254 254 254 254
 254 254 254 254 254 254 254 254 254 254 254 254 254 254 254 254
 254 254 254 254 254 254 254 254 254 254 254 254 254 254 254 254
 254 254 254 254 254 254 254 254 254 254 254 254 254 254 254 254
 254 253 254 254 254 253 253 254 253 254 254 254 253 253 253 253
 254 254 254 254 254 254 254 254 254 254 254 254 254 254 254 253
 254 254 254 254 254 254 254 254 254 254 254 254 254 254 254 253
 254 254 254 254 254 254 254 254 254 254 254 254 254 254 254 253
 253 254 254 253 251 254 254 251 250 254 254 247 254 254 254 254
 253 254 254 214 173 254 254 211 196 254 254 170 225 254 254 254
 254 254 254 220 175 254 254 205 177 254 254 149 215 254 254 254
 254 254 254 222 177 254 254 180 150 213 222 121 225 254 254 253
 254 254 254 215 161 238 253 197 140 188 192 133 217 254 254 252
 254 254 254 216 123 183 253 203 172 254 254 146 216 254 254 254
 253 254 254 225 168 253 254 199 190 254 254 177 235 254 254 254
 253 254 254 253 253 254 254 253 253 254 254 253 254 254 254 254
 253 254 254 254 254 254 254 254 254 254 254 254 254 254 254 253
 253 254 254 254 254 254 254 254 254 254 254 254 254 254 254 251
 254 254 254 254 254 254 254 254 254 254 254 254 254 254 254 253
 251 252 253 253 254 253 253 253 253 253 254 254 253 252 252 252

 254 254 254 254 254 254 254 254 254 254 254 254 254 254 254 254
 254 254 254 254 254 254 254 254 254 254 254 254 254 254 254 254
 254 254 254 254 254 254 254 254 254 254 254 254 254 254 254 254
 254 254 254 254 254 225 215 225 218 215 234 254 254 254 254 254
 254 254 254 254 247 170 149 132 144 148 172 253 254 254 254 254
 254 254 254 254 254 254 254 233 196 254 254 254 254 254 254 254
 254 254 254 254 254 254 254 225 192 254 254 254 254 254 254 254
 254 254 254 254 250 196 177 159 148 177 189 253 254 254 254 254
 254 254 254 254 251 211 205 183 204 212 199 253 254 254 254 254
 254 254 254 254 254 254 254 254 254 254 254 254 254 254 254 254
 253 254 254 254 254 254 254 254 240 185 253 254 254 254 254 254
 254 254 254 254 251 173 175 168 156 125 173 253 254 254 254 254
 254 254 254 254 253 214 220 218 210 217 228 253 254 254 254 254
 254 254 254 254 254 254 254 254 254 254 254 254 254 254 254 254
 253 254 254 254 254 254 254 254 254 254 254 254 254 254 254 254
 254 254 254 254 254 254 254 254 254 254 254 254 254 254 254 254
 254 254 254 254 254 254 254 254 254 254 254 254 254 254 254 254
 254 254 254 254 254 254 254 254 254 254 254 254 254 254 254 254
 254 254 254 254 254 254 254 254 254 254 254 254 254 254 254 254
 254 254 254 254 254 225 215 225 218 215 233 254 254 254 254 254
 254 254 254 254 247 170 149 130 130 138 169 253 254 254 254 254
 254 254 254 254 254 254 254 231 182 254 254 254 254 254 254 254
 254 254 254 254 254 254 254 220 177 254 254 254 254 254 254 254
 254 254 254 254 250 196 177 155 135 171 189 253 254 254 254 254
 254 254 254 254 251 211 205 181 196 201 199 253 254 254 254 254
 254 254 254 254 254 254 254 254 253 253 254 254 254 254 254 254
 253 254 254 254 254 254 254 254 239 182 253 254 254 254 254 254
 254 254 254 254 251 173 175 164 150 123 168 253 254 254 254 254
 254 254 254 254 253 214 220 215 206 216 225 253 254 254 254 254
 254 254 254 254 254 254 254 254 254 254 254 254 254 254 254 254
 253 254 254 254 254 254 254 254 254 254 254 254 254 254 254 254
 254 254 254 254 254 254 254 254 254 254 254 254 254 254 254 254
 253 253 253 253 254 254 254 253 252 254 254 254 253 251 253 252
 253 254 254 254 254 254 254 254 254 254 254 254 254 254 254 252
 253 254 254 254 254 254 254 254 254 254 254 254 254 254 254 252
 253 254 254 254 254 225 215 225 217 216 235 254 254 254 254 253
 254 254 254 254 247 170 149 121 133 146 177 253 254 254 254 254
 254 254 254 254 254 254 254 222 192 254 254 254 254 254 254 254
 254 254 254 254 254 254 254 213 188 254 254 254 254 254 254 253
 253 254 254 254 250 196 177 150 140 172 190 253 254 254 254 253
 254 254 254 254 251 211 205 180 197 203 199 253 254 254 254 253
 253 254 254 254 254 254 254 254 253 253 254 254 254 254 254 253
 253 254 254 254 254 254 254 254 238 183 253 254 254 254 254 253
 254 254 254 254 251 173 175 177 161 123 168 253 254 254 254 254
 254 254 254 254 253 214 220 222 215 216 225 253 254 254 254 253
 254 254 254 254 254 254 254 254 254 254 254 254 254 254 254 253
 253 254 254 254 254 254 254 254 254 254 254 254 254 254 254 252
 254 254 254 254 253 253 254 254 254 254 253 253 253 253 254 251

 254 254 254 254 254 254 254 254 254 254 254 254 254 254 254 254
 254 254 254 254 254 254 254 254 254 254 254 254 254 254 254 254
 254 254 254 254 254 254 254 254 254 254 254 254 254 254 254 254
 254 254 254 254 254 254 254 254 254 254 254 254 254 254 254 254
 254 254 254 254 253 254 254 253 253 254 254 253 253 254 254 254
 254 254 254 234 172 254 254 189 199 254 253 173 228 254 254 254
 254 254 254 215 148 254 254 177 212 254 185 125 217 254 254 254
 254 254 254 218 144 196 192 148 204 254 240 156 210 254 254 254
 254 254 254 225 132 233 225 159 183 254 254 168 218 254 254 254
 254 254 254 215 149 254 254 177 205 254 254 175 220 254 254 254
 254 254 254 225 170 254 254 196 211 254 254 173 214 254 254 254
 254 254 254 254 247 254 254 250 251 254 254 251 253 254 254 254
 254 254 254 254 254 254 254 254 254 254 254 254 254 254 254 254
 254 254 254 254 254 254 254 254 254 254 254 254 254 254 254 254
 254 254 254 254 254 254 254 254 254 254 254 254 254 254 254 254
 254 254 254 254 254 254 254 254 254 254 253 254 254 254 253 254
 254 254 254 254 254 254 254 254 254 254 254 254 254 254 254 254
 254 254 254 254 254 254 254 254 254 254 254 254 254 254 254 254
 254 254 254 254 254 254 254 254 254 254 254 254 254 254 254 254
 254 254 254 254 254 254 254 254 254 254 254 254 254 254 254 254
 254 254 254 254 253 254 254 253 253 254 254 253 253 254 254 254
 254 254 254 233 169 254 254 189 199 254 253 168 225 254 254 254
 254 254 254 215 138 254 254 171 201 253 182 123 216 254 254 254
 254 254 254 218 130 182 177 135 196 253 239 150 206 254 254 254
 254 254 254 225 130 231 220 155 181 254 254 164 215 254 254 254
 254 254 254 215 149 254 254 177 205 254 254 175 220 254 254 254
 254 254 254 225 170 254 254 196 211 254 254 173 214 254 254 254
 254 254 254 254 247 254 254 250 251 254 254 251 253 254 254 254
 254 254 254 254 254 254 254 254 254 254 254 254 254 254 254 254
 254 254 254 254 254 254 254 254 254 254 254 254 254 254 254 254
 254 254 254 254 254 254 254 254 254 254 254 254 254 254 254 254
 254 254 254 254 254 254 254 254 254 254 253 254 254 254 253 254
 252 252 252 253 254 254 253 253 253 253 253 254 253 253 252 251
 253 254 254 254 254 254 254 254 254 254 254 254 254 254 254 254
 251 254 254 254 254 254 254 254 254 254 254 254 254 254 254 253
 253 254 254 254 254 254 254 254 254 254 254 254 254 254 254 253
 254 254 254 254 253 254 254 253 253 254 254 253 253 254 254 253
 254 254 254 235 177 254 254 190 199 254 253 168 225 254 254 253
 254 254 254 216 146 254 254 172 203 253 183 123 216 254 254 254
 252 254 254 217 133 192 188 140 197 253 238 161 215 254 254 254
 253 254 254 225 121 222 213 150 180 254 254 177 222 254 254 254
 254 254 254 215 149 254 254 177 205 254 254 175 220 254 254 254
 254 254 254 225 170 254 254 196 211 254 254 173 214 254 254 253
 254 254 254 254 247 254 254 250 251 254 254 251 253 254 254 253
 253 254 254 254 254 254 254 254 254 254 254 254 254 254 254 254
 253 254 254 254 254 254 254 254 254 254 254 254 254 254 254 254
 253 254 254 254 254 254 254 254 254 254 254 254 254 254 254 254
 253 253 253 253 254 254 254 253 254 253 253 254 254 254 253 254

