 254 254 254 253 253 253 253 253 254 254 254 254 254 254 254 254
 254 254 254 254 254 254 254 254 254 254 254 254 254 254 254 254
 254 254 254 254 254 254 254 254 254 254 254 254 254 254 254 254
 254 254 254 254 254 210  91 144 247 253 134 254 254 254 254 254
 254 254 254 254 253 110 215 174 113 239 101 254 254 254 254 254
 254 254 254 254 253 113 218 254 205  96  77 254 254 254 254 254
 254 254 254 254 254 213 175 254 254 210 123 254 254 254 254 254
 254 254 254 254 254 253 254 254 254 254 253 254 254 254 254 254
 254 254 254 254 253 101  80  94  89  57  71 253 254 254 254 254
 254 254 254 254 254 241 252 162 208 252 252 254 254 254 254 254
 254 254 254 254 254 254 254 168 213 254 254 254 254 254 254 254
 254 254 254 254 252 220 216 135 177 221 225 254 254 254 254 254
 254 254 254 254 243 117 102 109 107 115 123 253 254 254 254 254
 254 254 254 254 254 254 254 254 254 254 254 254 254 254 254 254
 254 254 254 254 254 254 254 254 254 254 254 254 254 254 254 254
 254 254 254 254 254 254 254 254 254 254 254 254 254 254 254 254
 254 254 254 253 253 253 253 253 254 254 254 254 254 254 254 254
 254 254 254 254 254 254 254 254 254 254 254 254 254 254 254 254
 254 254 254 254 254 254 254 254 254 254 254 254 254 254 254 254
 254 254 254 254 254 209  91 144 247 253 131 253 254 254 254 254
 254 254 254 254 253 107 215 174 113 239  91 253 254 254 254 254
 254 254 254 254 253 110 219 254 205  93  69 253 254 254 254 254
 254 254 254 254 254 212 175 254 254 209 121 253 254 254 254 254
 254 254 254 254 254 253 254 254 254 253 253 254 254 254 254 254
 254 254 254 254 253  89  70  74  79  46  56 253 254 254 254 254
 254 254 254 254 254 241 252 144 209 252 252 254 254 254 254 254
 254 254 254 254 254 254 254 151 214 254 254 254 254 254 254 254
 254 254 254 254 252 220 214 126 174 216 225 254 254 254 254 254
 254 254 254 254 243 117  97 103 100 105 123 253 254 254 254 254
 254 254 254 254 254 254 254 254 254 254 254 254 254 254 254 254
 254 254 254 254 254 254 254 254 254 254 254 254 254 254 254 254
 254 254 254 254 254 254 254 254 254 254 254 254 254 254 254 254
 253 254 254 253 253 253 253 253 254 254 254 254 254 254 254 254
 253 254 254 254 254 254 254 254 254 254 254 254 254 254 254 254
 254 254 254 254 254 254 254 254 254 254 254 254 254 254 254 254
 254 254 254 254 254 210  90 144 247 252 133 253 254 254 254 254
 254 254 254 254 253 119 213 174 113 237 100 253 254 254 254 254
 254 254 254 254 253 123 217 254 205  95  76 253 254 254 254 254
 254 254 254 254 254 216 175 254 254 209 123 253 254 254 254 254
 254 254 254 254 254 254 254 254 254 254 254 254 254 254 254 254
 254 254 254 254 253 124 100 113 105  80  99 253 254 254 254 254
 254 254 254 254 254 243 252 167 206 252 252 254 254 254 254 254
 254 254 254 254 254 254 254 176 212 254 254 254 254 254 254 254
 253 254 254 254 252 220 214 142 177 217 225 254 254 254 254 254
 253 254 254 254 243 117  98 107 105 106 123 253 254 254 254 254
 253 254 254 254 254 254 254 254 254 254 254 254 254 254 254 254
 253 254 254 254 254 254 254 254 254 254 254 254 254 254 254 254
 252 254 253 253 253 253 253 253 254 253 253 253 253 253 253 253

 254 254 254 254 254 254 254 254 254 254 254 254 254 254 254 254
 254 254 254 254 254 254 254 254 254 254 254 254 254 254 254 254
 254 254 254 254 254 254 254 254 254 254 254 254 254 254 254 254
 254 254 254 254 254 254 254 254 254 254 254 254 254 254 254 254
 254 254 254 254 254 254 254 254 253 254 254 254 253 254 254 254
 254 254 254 134 101  77 123 253  71 252 254 225 123 254 254 254
 254 254 254 253 239  96 210 254  57 252 254 221 115 254 254 254
 254 254 254 247 113 205 254 254  89 208 213 177 107 254 254 254
 253 254 254 144 174 254 254 254  94 162 168 135 109 254 254 254
 253 254 254  91 215 218 175 254  80 252 254 216 102 254 254 254
 253 254 254 210 110 113 213 253 101 241 254 220 117 254 254 254
 253 254 254 254 253 253 254 254 253 254 254 252 243 254 254 254
 253 254 254 254 254 254 254 254 254 254 254 254 254 254 254 254
 254 254 254 254 254 254 254 254 254 254 254 254 254 254 254 254
 254 254 254 254 254 254 254 254 254 254 254 254 254 254 254 254
 254 254 254 254 254 254 254 254 254 254 254 254 254 254 254 254
 254 254 254 254 254 254 254 254 254 254 254 254 254 254 254 254
 254 254 254 254 254 254 254 254 254 254 254 254 254 254 254 254
 254 254 254 254 254 254 254 254 254 254 254 254 254 254 254 254
 254 254 254 254 254 254 254 254 254 254 254 254 254 254 254 254
 254 254 254 253 253 253 253 254 253 254 254 254 253 254 254 254
 254 254 254 131  91  69 121 253  56 252 254 225 123 254 254 254
 254 254 254 253 239  93 209 253  46 252 254 216 105 254 254 254
 254 254 254 247 113 205 254 254  79 209 214 174 100 254 254 254
 253 254 254 144 174 254 254 254  74 144 151 126 103 254 254 254
 253 254 254  91 215 219 175 254  70 252 254 214  97 254 254 254
 253 254 254 209 107 110 212 253  89 241 254 220 117 254 254 254
 253 254 254 254 253 253 254 254 253 254 254 252 243 254 254 254
 253 254 254 254 254 254 254 254 254 254 254 254 254 254 254 254
 254 254 254 254 254 254 254 254 254 254 254 254 254 254 254 254
 254 254 254 254 254 254 254 254 254 254 254 254 254 254 254 254
 254 254 254 254 254 254 254 254 254 254 254 254 254 254 254 254
 254 254 254 254 254 254 254 254 254 254 254 254 254 254 254 253
 254 254 254 254 254 254 254 254 254 254 254 254 254 254 254 253
 254 254 254 254 254 254 254 254 254 254 254 254 254 254 254 253
 254 254 254 254 254 254 254 254 254 254 254 254 254 254 254 253
 254 254 254 253 253 253 253 254 253 254 254 254 253 254 254 253
 254 254 254 133 100  76 123 254  99 252 254 225 123 254 254 253
 254 254 254 252 237  95 209 254  80 252 254 217 106 254 254 253
 254 254 254 247 113 205 254 254 105 206 212 177 105 254 254 254
 253 254 254 144 174 254 254 254 113 167 176 142 107 254 254 253
 253 254 254  90 213 217 175 254 100 252 254 214  98 254 254 253
 253 254 254 210 119 123 216 254 124 243 254 220 117 254 254 253
 253 254 254 254 253 253 254 254 253 254 254 252 243 254 254 253
 253 254 254 254 254 254 254 254 254 254 254 254 254 254 254 253
 254 254 254 254 254 254 254 254 254 254 254 254 254 254 254 253
 254 254 254 254 254 254 254 254 254 254 254 254 254 254 254 254
 253 253 254 254 254 254 254 254 254 254 254 253 253 253 253 252

 254 254 254 254 254 254 254 254 254 254 254 254 254 254 254 254
 254 254 254 254 254 254 254 254 254 254 254 254 254 254 254 254
 254 254 254 254 254 254 254 254 254 254 254 254 254 254 254 254
 254 254 254 254 253 123 115 107 109 102 117 243 254 254 254 254
 254 254 254 254 254 225 221 177 135 216 220 252 254 254 254 254
 254 254 254 254 254 254 254 213 168 254 254 254 254 254 254 254
 254 254 254 254 254 252 252 208 162 252 241 254 254 254 254 254
 254 254 254 254 253  71  57  89  94  80 101 253 254 254 254 254
 254 254 254 254 254 253 254 254 254 254 253 254 254 254 254 254
 254 254 254 254 254 123 210 254 254 175 213 254 254 254 254 254
 254 254 254 254 254  77  96 205 254 218 113 253 254 254 254 254
 254 254 254 254 254 101 239 113 174 215 110 253 254 254 254 254
 254 254 254 254 254 134 253 247 144  91 210 254 254 254 254 254
 254 254 254 254 254 254 254 254 254 254 254 254 254 254 254 254
 254 254 254 254 254 254 254 254 254 254 254 254 254 254 254 254
 254 254 254 254 254 254 254 254 253 253 253 253 253 254 254 254
 254 254 254 254 254 254 254 254 254 254 254 254 254 254 254 254
 254 254 254 254 254 254 254 254 254 254 254 254 254 254 254 254
 254 254 254 254 254 254 254 254 254 254 254 254 254 254 254 254
 254 254 254 254 253 123 105 100 103  97 117 243 254 254 254 254
 254 254 254 254 254 225 216 174 126 214 220 252 254 254 254 254
 254 254 254 254 254 254 254 214 151 254 254 254 254 254 254 254
 254 254 254 254 254 252 252 209 144 252 241 254 254 254 254 254
 254 254 254 254 253  56  46  79  74  70  89 253 254 254 254 254
 254 254 254 254 254 253 253 254 254 254 253 254 254 254 254 254
 254 254 254 254 253 121 209 254 254 175 212 254 254 254 254 254
 254 254 254 254 253  69  93 205 254 219 110 253 254 254 254 254
 254 254 254 254 253  91 239 113 174 215 107 253 254 254 254 254
 254 254 254 254 253 131 253 247 144  91 209 254 254 254 254 254
 254 254 254 254 254 254 254 254 254 254 254 254 254 254 254 254
 254 254 254 254 254 254 254 254 254 254 254 254 254 254 254 254
 254 254 254 254 254 254 254 254 253 253 253 253 253 254 254 254
 253 253 253 253 253 253 253 254 253 253 253 253 253 253 254 252
 254 254 254 254 254 254 254 254 254 254 254 254 254 254 254 253
 254 254 254 254 254 254 254 254 254 254 254 254 254 254 254 253
 254 254 254 254 253 123 106 105 107  98 117 243 254 254 254 253
 254 254 254 254 254 225 217 177 142 214 220 252 254 254 254 253
 254 254 254 254 254 254 254 212 176 254 254 254 254 254 254 254
 254 254 254 254 254 252 252 206 167 252 243 254 254 254 254 254
 254 254 254 254 253  99  80 105 113 100 124 253 254 254 254 254
 254 254 254 254 254 254 254 254 254 254 254 254 254 254 254 254
 254 254 254 254 253 123 209 254 254 175 216 254 254 254 254 254
 254 254 254 254 253  76  95 205 254 217 123 253 254 254 254 254
 254 254 254 254 253 100 237 113 174 213 119 253 254 254 254 254
 254 254 254 254 253 133 252 247 144  90 210 254 254 254 254 254
 254 254 254 254 254 254 254 254 254 254 254 254 254 254 254 254
 254 254 254 254 254 254 254 254 254 254 254 254 254 254 254 253
 254 254 254 254 254 254 254 254 253 253 253 253 253 254 254 253

 254 254 254 254 254 254 254 254 254 254 254 254 254 254 254 254
 254 254 254 254 254 254 254 254 254 254 254 254 254 254 254 254
 254 254 254 254 254 254 254 254 254 254 254 254 254 254 254 254
 254 254 254 254 254 254 254 254 254 254 254 254 254 254 254 253
 254 254 254 243 252 254 254 253 254 254 253 253 254 254 254 253
 254 254 254 117 220 254 241 101 253 213 113 110 210 254 254 253
 254 254 254 102 216 254 252  80 254 175 218 215  91 254 254 253
 254 254 254 109 135 168 162  94 254 254 254 174 144 254 254 253
 254 254 254 107 177 213 208  89 254 254 205 113 247 254 254 254
 254 254 254 115 221 254 252  57 254 210  96 239 253 254 254 254
 254 254 254 123 225 254 252  71 253 123  77 101 134 254 254 254
 254 254 254 253 254 254 254 253 254 254 254 254 254 254 254 254
 254 254 254 254 254 254 254 254 254 254 254 254 254 254 254 254
 254 254 254 254 254 254 254 254 254 254 254 254 254 254 254 254
 254 254 254 254 254 254 254 254 254 254 254 254 254 254 254 254
 254 254 254 254 254 254 254 254 254 254 254 254 254 254 254 254
 254 254 254 254 254 254 254 254 254 254 254 254 254 254 254 254
 254 254 254 254 254 254 254 254 254 254 254 254 254 254 254 254
 254 254 254 254 254 254 254 254 254 254 254 254 254 254 254 254
 254 254 254 254 254 254 254 254 254 254 254 254 254 254 254 253
 254 254 254 243 252 254 254 253 254 254 253 253 254 254 254 253
 254 254 254 117 220 254 241  89 253 212 110 107 209 254 254 253
 254 254 254  97 214 254 252  70 254 175 219 215  91 254 254 253
 254 254 254 103 126 151 144  74 254 254 254 174 144 254 254 253
 254 254 254 100 174 214 209  79 254 254 205 113 247 254 254 254
 254 254 254 105 216 254 252  46 253 209  93 239 253 254 254 254
 254 254 254 123 225 254 252  56 253 121  69  91 131 254 254 254
 254 254 254 253 254 254 254 253 254 253 253 253 253 254 254 254
 254 254 254 254 254 254 254 254 254 254 254 254 254 254 254 254
 254 254 254 254 254 254 254 254 254 254 254 254 254 254 254 254
 254 254 254 254 254 254 254 254 254 254 254 254 254 254 254 254
 254 254 254 254 254 254 254 254 254 254 254 254 254 254 254 254
 252 253 253 253 253 254 254 254 254 254 254 254 254 254 253 253
 254 254 254 254 254 254 254 254 254 254 254 254 254 254 254 254
 253 254 254 254 254 254 254 254 254 254 254 254 254 254 254 254
 253 254 254 254 254 254 254 254 254 254 254 254 254 254 254 253
 253 254 254 243 252 254 254 253 254 254 253 253 254 254 254 253
 253 254 254 117 220 254 243 124 254 216 123 119 210 254 254 253
 253 254 254  98 214 254 252 100 254 175 217 213  90 254 254 253
 253 254 254 107 142 176 167 113 254 254 254 174 144 254 254 253
 254 254 254 105 177 212 206 105 254 254 205 113 247 254 254 254
 253 254 254 106 217 254 252  80 254 209  95 237 252 254 254 254
 253 254 254 123 225 254 252  99 254 123  76 100 133 254 254 254
 253 254 254 253 254 254 254 253 254 253 253 253 253 254 254 254
 253 254 254 254 254 254 254 254 254 254 254 254 254 254 254 254
 253 254 254 254 254 254 254 254 254 254 254 254 254 254 254 254
 253 254 254 254 254 254 254 254 254 254 254 254 254 254 254 254
 253 254 254 254 254 254 254 254 254 254 254 254 254 254 254 254

